2025-11-18 14:44:03.523 - Protocol log started
2025-11-18 14:44:03.524 [SYS] -- USER START SERVICE: True
--------------------------------------------------------------------------------
2025-11-18 14:44:03.524 [SYS] StartService called
--------------------------------------------------------------------------------
2025-11-18 14:44:03.546 [SYS] ETH CONNECTED: 192.168.4.1:23
--------------------------------------------------------------------------------
2025-11-18 14:44:03.561 [SYS] -- PORT OPEN: True
--------------------------------------------------------------------------------
2025-11-18 14:44:03.573 [SYS] StartCommunication called
--------------------------------------------------------------------------------
2025-11-18 14:44:03.616 [SYS] UI BUTTON: btnConnectIP clicked by user
--------------------------------------------------------------------------------
2025-11-18 14:44:03.686 [TX] [000000000000ID]
HEX: 30 30 30 30 30 30 30 30 30 30 30 30 49 44
--------------------------------------------------------------------------------
2025-11-18 14:44:03.770 [TX Bytes] [000000000000IDC1]
HEX: 5B 30 30 30 30 30 30 30 30 30 30 30 30 49 44 43 
31 5D
--------------------------------------------------------------------------------
2025-11-18 14:44:03.983 [RX] socket read partial
HEX: 5B 30 30 30 30 30 46 33 31 31 35 35 30 49 44 31 
37 5D
--------------------------------------------------------------------------------
2025-11-18 14:44:04.034 [RX] [00000F311550ID17]
HEX: 5B 30 30 30 30 30 46 33 31 31 35 35 30 49 44 31 
37 5D
--------------------------------------------------------------------------------
2025-11-18 14:44:04.049 [SYS] serialPort_DataReceived exit
--------------------------------------------------------------------------------
2025-11-18 14:44:04.071 [TX] 00000F311550DI
HEX: 30 30 30 30 30 46 33 31 31 35 35 30 44 49
--------------------------------------------------------------------------------
2025-11-18 14:44:04.102 [TX Bytes] [00000F311550DICC]
HEX: 5B 30 30 30 30 30 46 33 31 31 35 35 30 44 49 43 
43 5D
--------------------------------------------------------------------------------
2025-11-18 14:44:04.298 [RX] socket read partial
HEX: 5B 30 30 30 30 30 46 33 31 31 35 35 30 44 49 30 
30 38 38 36 20 20 20 4D 53 52 54 2D 37 35 2D 33 
38 20 20 20 20 20 20 20 20 20 20 20 20 20 20 20 
20 20 20 20 20 20 20 32 2E 30 30 31 2E 33 31 30 
31 30 30 30 30 37 35 32 31 33 34 30 31 35 30 43 
34 35 42 30 30 30 30 30 31 46 34 30 30 30 30 30 
30 30 30 32 39 5D
--------------------------------------------------------------------------------
2025-11-18 14:44:04.360 [RX] [00000F311550DI00886   MSRT-75-38                      2.001.310100007521340150C45B000001F40000000029]
HEX: 5B 30 30 30 30 30 46 33 31 31 35 35 30 44 49 30 
30 38 38 36 20 20 20 4D 53 52 54 2D 37 35 2D 33 
38 20 20 20 20 20 20 20 20 20 20 20 20 20 20 20 
20 20 20 20 20 20 20 32 2E 30 30 31 2E 33 31 30 
31 30 30 30 30 37 35 32 31 33 34 30 31 35 30 43 
34 35 42 30 30 30 30 30 31 46 34 30 30 30 30 30 
30 30 30 32 39 5D
--------------------------------------------------------------------------------
2025-11-18 14:44:04.382 [SYS] serialPort_DataReceived exit
--------------------------------------------------------------------------------
2025-11-18 14:44:04.407 [TX] [00000F311550RC]
HEX: 30 30 30 30 30 46 33 31 31 35 35 30 52 43
--------------------------------------------------------------------------------
2025-11-18 14:44:04.446 [TX Bytes] [00000F311550RCA7]
HEX: 5B 30 30 30 30 30 46 33 31 31 35 35 30 52 43 41 
37 5D
--------------------------------------------------------------------------------
2025-11-18 14:44:04.620 [RX] socket read partial
HEX: 5B 30 30 30 30 30 46 33 31 31 35 35 30 52 43 30 
30 30 30 30 43 35 38 30 30 30 30 30 30 30 30 30 
30 30 30 30 30 30 30 30 30 30 30 30 30 30 30 30 
30 30 30 30 30 30 30 45 39 5D
--------------------------------------------------------------------------------
2025-11-18 14:44:04.676 [RX] [00000F311550RC00000C5800000000000000000000000000000000E9]
HEX: 5B 30 30 30 30 30 46 33 31 31 35 35 30 52 43 30 
30 30 30 30 43 35 38 30 30 30 30 30 30 30 30 30 
30 30 30 30 30 30 30 30 30 30 30 30 30 30 30 30 
30 30 30 30 30 30 30 45 39 5D
--------------------------------------------------------------------------------
2025-11-18 14:44:04.702 [SYS] serialPort_DataReceived exit
--------------------------------------------------------------------------------
2025-11-18 14:44:04.731 [TX] [00000F311550DS]
HEX: 30 30 30 30 30 46 33 31 31 35 35 30 44 53
--------------------------------------------------------------------------------
2025-11-18 14:44:04.773 [TX Bytes] [00000F311550DS91]
HEX: 5B 30 30 30 30 30 46 33 31 31 35 35 30 44 53 39 
31 5D
--------------------------------------------------------------------------------
2025-11-18 14:44:04.941 [RX] socket read partial
HEX: 5B 30 30 30 30 30 46 33 31 31 35 35 30 44 53 42 
38 30 30 36 33 35 31 30 31 30 30 30 32 30 31 30 
31 31 30 36 38 30 33 45 38 30 30 30 33 30 30 30 
30 30 30 41 31 30 30 30 30 42 36 34 34 44 37 5D

--------------------------------------------------------------------------------
2025-11-18 14:44:05.000 [RX] [00000F311550DSB80063510100020101106803E80003000000A10000B644D7]
HEX: 5B 30 30 30 30 30 46 33 31 31 35 35 30 44 53 42 
38 30 30 36 33 35 31 30 31 30 30 30 32 30 31 30 
31 31 30 36 38 30 33 45 38 30 30 30 33 30 30 30 
30 30 30 41 31 30 30 30 30 42 36 34 34 44 37 5D

--------------------------------------------------------------------------------
2025-11-18 14:44:05.023 [SYS] serialPort_DataReceived exit
--------------------------------------------------------------------------------
2025-11-18 14:44:05.390 [SYS] UI BUTTON: btnReadData clicked by user
--------------------------------------------------------------------------------
2025-11-18 14:44:05.396 [TX (pre-CRC)] [00000F311550ZO10C1]
HEX: 5B 30 30 30 30 30 46 33 31 31 35 35 30 5A 4F 31 
30 43 31 5D
--------------------------------------------------------------------------------
2025-11-18 14:44:05.400 [TX (pre-CRC)] [00000F311550ZO0161]
HEX: 5B 30 30 30 30 30 46 33 31 31 35 35 30 5A 4F 30 
31 36 31 5D
--------------------------------------------------------------------------------
2025-11-18 14:44:05.403 [TX (pre-CRC)] [00000F311550CS010103BE]
HEX: 5B 30 30 30 30 30 46 33 31 31 35 35 30 43 53 30 
31 30 31 30 33 42 45 5D
--------------------------------------------------------------------------------
2025-11-18 14:44:05.407 [TX (pre-CRC)] [00000F311550SA00000000000000000001000101F40000A3]
HEX: 5B 30 30 30 30 30 46 33 31 31 35 35 30 53 41 30 
30 30 30 30 30 30 30 30 30 30 30 30 30 30 30 30 
30 30 31 30 30 30 31 30 31 46 34 30 30 30 30 41 
33 5D
--------------------------------------------------------------------------------
2025-11-18 14:44:05.411 [TX (pre-CRC)] [00000F311550SB0000000000000000000000000000000000000000000000000000000086]
HEX: 5B 30 30 30 30 30 46 33 31 31 35 35 30 53 42 30 
30 30 30 30 30 30 30 30 30 30 30 30 30 30 30 30 
30 30 30 30 30 30 30 30 30 30 30 30 30 30 30 30 
30 30 30 30 30 30 30 30 30 30 30 30 30 30 30 30 
30 30 30 30 30 30 30 38 36 5D
--------------------------------------------------------------------------------
2025-11-18 14:44:05.415 [TX (pre-CRC)] [00000F311550SC00000000000000000000000000000000000000000000000000000000ED]
HEX: 5B 30 30 30 30 30 46 33 31 31 35 35 30 53 43 30 
30 30 30 30 30 30 30 30 30 30 30 30 30 30 30 30 
30 30 30 30 30 30 30 30 30 30 30 30 30 30 30 30 
30 30 30 30 30 30 30 30 30 30 30 30 30 30 30 30 
30 30 30 30 30 30 30 45 44 5D
--------------------------------------------------------------------------------
2025-11-18 14:44:05.453 [SYS] SetZeroTorque called
--------------------------------------------------------------------------------
2025-11-18 14:44:05.468 [SYS] StartReadData called
--------------------------------------------------------------------------------
2025-11-18 14:44:05.550 [SYS] SetZeroAngle called
--------------------------------------------------------------------------------
2025-11-18 14:44:05.572 [TX] [00000F311550ZO10]
HEX: 30 30 30 30 30 46 33 31 31 35 35 30 5A 4F 31 30

--------------------------------------------------------------------------------
2025-11-18 14:44:05.661 [SYS] SetTestParameter_ClickWrench: Fall=30 Rise=30 MinTime_ms=20
--------------------------------------------------------------------------------
2025-11-18 14:44:05.782 [SYS] SetTestParameter: Threshold=2 ThresholdEnd=0.5 TimeStep_ms=1 FilterFreq=500 direction=CW TorqueTarget=4 TorqueMin=2 TorqueMax=6 AngleTarget=100 AngleMin=10 AngleMax=300 DelayToDetectFirstPeak_ms=50 TimeToIgnoreNewPeak_AfterFinalThreshold_ms=50
--------------------------------------------------------------------------------
2025-11-18 14:44:05.798 [TX Bytes] [00000F311550ZO10C1]
HEX: 5B 30 30 30 30 30 46 33 31 31 35 35 30 5A 4F 31 
30 43 31 5D
--------------------------------------------------------------------------------
2025-11-18 14:44:05.841 [SYS] serialPort_DataReceived exit
--------------------------------------------------------------------------------
2025-11-18 14:44:05.906 [SYS] StartReadData called
--------------------------------------------------------------------------------
2025-11-18 14:44:05.988 [SYS] serialPort_DataReceived exit
--------------------------------------------------------------------------------
2025-11-18 14:44:06.145 [RX] socket read partial
HEX: 5B 30 30 30 30 30 46 33 31 31 35 35 30 5A 4F 30 
30 30 30 42 36 39 41 30 30 30 30 30 30 30 30 31 
45 5D
--------------------------------------------------------------------------------
2025-11-18 14:44:06.206 [RX] [00000F311550ZO0000B69A000000001E]
HEX: 5B 30 30 30 30 30 46 33 31 31 35 35 30 5A 4F 30 
30 30 30 42 36 39 41 30 30 30 30 30 30 30 30 31 
45 5D
--------------------------------------------------------------------------------
2025-11-18 14:44:06.226 [SYS] serialPort_DataReceived exit
--------------------------------------------------------------------------------
2025-11-18 14:44:06.253 [TX] 00000F311550ZO01
HEX: 30 30 30 30 30 46 33 31 31 35 35 30 5A 4F 30 31

--------------------------------------------------------------------------------
2025-11-18 14:44:06.291 [TX Bytes] [00000F311550ZO0161]
HEX: 5B 30 30 30 30 30 46 33 31 31 35 35 30 5A 4F 30 
31 36 31 5D
--------------------------------------------------------------------------------
2025-11-18 14:44:06.476 [RX] socket read partial
HEX: 5B 30 30 30 30 30 46 33 31 31 35 35 30 5A 4F 30 
30 30 30 42 36 39 41 30 30 30 30 30 30 30 30 31 
45 5D
--------------------------------------------------------------------------------
2025-11-18 14:44:06.530 [RX] [00000F311550ZO0000B69A000000001E]
HEX: 5B 30 30 30 30 30 46 33 31 31 35 35 30 5A 4F 30 
30 30 30 42 36 39 41 30 30 30 30 30 30 30 30 31 
45 5D
--------------------------------------------------------------------------------
2025-11-18 14:44:06.545 [SYS] serialPort_DataReceived exit
--------------------------------------------------------------------------------
2025-11-18 14:44:06.567 [TX] 00000F311550SA000161FB0000587E0190000101F40001
HEX: 30 30 30 30 30 46 33 31 31 35 35 30 53 41 30 30 
30 31 36 31 46 42 30 30 30 30 35 38 37 45 30 31 
39 30 30 30 30 31 30 31 46 34 30 30 30 31
--------------------------------------------------------------------------------
2025-11-18 14:44:06.603 [TX Bytes] [00000F311550SA000161FB0000587E0190000101F40001E5]
HEX: 5B 30 30 30 30 30 46 33 31 31 35 35 30 53 41 30 
30 30 31 36 31 46 42 30 30 30 30 35 38 37 45 30 
31 39 30 30 30 30 31 30 31 46 34 30 30 30 31 45 
35 5D
--------------------------------------------------------------------------------
2025-11-18 14:44:06.791 [RX] socket read partial
HEX: 5B 30 30 30 30 30 46 33 31 31 35 35 30 53 41 30 
30 39 45 5D
--------------------------------------------------------------------------------
2025-11-18 14:44:06.918 [RX] [00000F311550SA009E]
HEX: 5B 30 30 30 30 30 46 33 31 31 35 35 30 53 41 30 
30 39 45 5D
--------------------------------------------------------------------------------
2025-11-18 14:44:06.942 [SYS] serialPort_DataReceived exit
--------------------------------------------------------------------------------
2025-11-18 14:44:06.973 [TX] 00000F311550CS1E1E14
HEX: 30 30 30 30 30 46 33 31 31 35 35 30 43 53 31 45 
31 45 31 34
--------------------------------------------------------------------------------
2025-11-18 14:44:07.017 [TX Bytes] [00000F311550CS1E1E1490]
HEX: 5B 30 30 30 30 30 46 33 31 31 35 35 30 43 53 31 
45 31 45 31 34 39 30 5D
--------------------------------------------------------------------------------
2025-11-18 14:44:07.198 [RX] socket read partial
HEX: 5B 30 30 30 30 30 46 33 31 31 35 35 30 43 53 30 
30 46 39 5D
--------------------------------------------------------------------------------
2025-11-18 14:44:07.253 [RX] [00000F311550CS00F9]
HEX: 5B 30 30 30 30 30 46 33 31 31 35 35 30 43 53 30 
30 46 39 5D
--------------------------------------------------------------------------------
2025-11-18 14:44:07.269 [SYS] serialPort_DataReceived exit
--------------------------------------------------------------------------------
2025-11-18 14:44:07.292 [TX] [00000F311550SB0002C3F6000425F1000161FB000000C8000002580000001400000000]
HEX: 30 30 30 30 30 46 33 31 31 35 35 30 53 42 30 30 
30 32 43 33 46 36 30 30 30 34 32 35 46 31 30 30 
30 31 36 31 46 42 30 30 30 30 30 30 43 38 30 30 
30 30 30 32 35 38 30 30 30 30 30 30 31 34 30 30 
30 30 30 30 30 30
--------------------------------------------------------------------------------
2025-11-18 14:44:07.329 [TX Bytes] [00000F311550SB0002C3F6000425F1000161FB000000C80000025800000014000000002A]
HEX: 5B 30 30 30 30 30 46 33 31 31 35 35 30 53 42 30 
30 30 32 43 33 46 36 30 30 30 34 32 35 46 31 30 
30 30 31 36 31 46 42 30 30 30 30 30 30 43 38 30 
30 30 30 30 32 35 38 30 30 30 30 30 30 31 34 30 
30 30 30 30 30 30 30 32 41 5D
--------------------------------------------------------------------------------
2025-11-18 14:44:07.508 [RX] socket read partial
HEX: 5B 30 30 30 30 30 46 33 31 31 35 35 30 45 52 30 
33 43 34 5D
--------------------------------------------------------------------------------
2025-11-18 14:44:07.568 [RX] [00000F311550ER03C4]
HEX: 5B 30 30 30 30 30 46 33 31 31 35 35 30 45 52 30 
33 43 34 5D
--------------------------------------------------------------------------------
2025-11-18 14:44:07.577 [SYS] serialPort_DataReceived exit
--------------------------------------------------------------------------------
2025-11-18 14:44:07.586 [SYS] timeout:st:eWaitingAquisitionAdditionalConfig
--------------------------------------------------------------------------------
2025-11-18 14:44:07.608 [TX] 00000F311550SB0002C3F6000425F1000161FB000000C8000002580000001400000000
HEX: 30 30 30 30 30 46 33 31 31 35 35 30 53 42 30 30 
30 32 43 33 46 36 30 30 30 34 32 35 46 31 30 30 
30 31 36 31 46 42 30 30 30 30 30 30 43 38 30 30 
30 30 30 32 35 38 30 30 30 30 30 30 31 34 30 30 
30 30 30 30 30 30
--------------------------------------------------------------------------------
2025-11-18 14:44:07.651 [TX Bytes] [00000F311550SB0002C3F6000425F1000161FB000000C80000025800000014000000002A]
HEX: 5B 30 30 30 30 30 46 33 31 31 35 35 30 53 42 30 
30 30 32 43 33 46 36 30 30 30 34 32 35 46 31 30 
30 30 31 36 31 46 42 30 30 30 30 30 30 43 38 30 
30 30 30 30 32 35 38 30 30 30 30 30 30 31 34 30 
30 30 30 30 30 30 30 32 41 5D
--------------------------------------------------------------------------------
2025-11-18 14:44:07.823 [RX] socket read partial
HEX: 5B 30 30 30 30 30 46 33 31 31 35 35 30 45 52 30 
33 43 34 5D
--------------------------------------------------------------------------------
2025-11-18 14:44:07.876 [RX] [00000F311550ER03C4]
HEX: 5B 30 30 30 30 30 46 33 31 31 35 35 30 45 52 30 
33 43 34 5D
--------------------------------------------------------------------------------
2025-11-18 14:44:07.885 [SYS] serialPort_DataReceived exit
--------------------------------------------------------------------------------
2025-11-18 14:44:07.913 [TX] 00000F311550SC00320032000000000000000000000000000000000000000000000000
HEX: 30 30 30 30 30 46 33 31 31 35 35 30 53 43 30 30 
33 32 30 30 33 32 30 30 30 30 30 30 30 30 30 30 
30 30 30 30 30 30 30 30 30 30 30 30 30 30 30 30 
30 30 30 30 30 30 30 30 30 30 30 30 30 30 30 30 
30 30 30 30 30 30
--------------------------------------------------------------------------------
2025-11-18 14:44:07.950 [TX Bytes] [00000F311550SC003200320000000000000000000000000000000000000000000000000F]
HEX: 5B 30 30 30 30 30 46 33 31 31 35 35 30 53 43 30 
30 33 32 30 30 33 32 30 30 30 30 30 30 30 30 30 
30 30 30 30 30 30 30 30 30 30 30 30 30 30 30 30 
30 30 30 30 30 30 30 30 30 30 30 30 30 30 30 30 
30 30 30 30 30 30 30 30 46 5D
--------------------------------------------------------------------------------
2025-11-18 14:44:08.127 [RX] socket read partial
HEX: 5B 30 30 30 30 30 46 33 31 31 35 35 30 53 43 30 
30 35 43 5D
--------------------------------------------------------------------------------
2025-11-18 14:44:08.184 [RX] [00000F311550SC005C]
HEX: 5B 30 30 30 30 30 46 33 31 31 35 35 30 53 43 30 
30 35 43 5D
--------------------------------------------------------------------------------
2025-11-18 14:44:08.203 [SYS] serialPort_DataReceived exit
--------------------------------------------------------------------------------
2025-11-18 14:44:08.229 [TX] 00000F311550DS
HEX: 30 30 30 30 30 46 33 31 31 35 35 30 44 53
--------------------------------------------------------------------------------
2025-11-18 14:44:08.272 [TX Bytes] [00000F311550DS91]
HEX: 5B 30 30 30 30 30 46 33 31 31 35 35 30 44 53 39 
31 5D
--------------------------------------------------------------------------------
2025-11-18 14:44:08.453 [RX] socket read partial
HEX: 5B 30 30 30 30 30 46 33 31 31 35 35 30 44 53 42 
38 30 30 36 33 35 31 30 31 30 30 30 32 30 31 30 
31 31 30 36 38 30 33 45 38 30 30 30 33 30 30 30 
30 30 30 41 35 30 30 30 30 42 36 39 41 30 34 5D

--------------------------------------------------------------------------------
2025-11-18 14:44:08.514 [RX] [00000F311550DSB80063510100020101106803E80003000000A50000B69A04]
HEX: 5B 30 30 30 30 30 46 33 31 31 35 35 30 44 53 42 
38 30 30 36 33 35 31 30 31 30 30 30 32 30 31 30 
31 31 30 36 38 30 33 45 38 30 30 30 33 30 30 30 
30 30 30 41 35 30 30 30 30 42 36 39 41 30 34 5D

--------------------------------------------------------------------------------
2025-11-18 14:44:08.531 [SYS] serialPort_DataReceived exit
--------------------------------------------------------------------------------
2025-11-18 14:44:08.556 [TX] 00000F311550TQ
HEX: 30 30 30 30 30 46 33 31 31 35 35 30 54 51
--------------------------------------------------------------------------------
2025-11-18 14:44:08.592 [TX Bytes] [00000F311550TQ86]
HEX: 5B 30 30 30 30 30 46 33 31 31 35 35 30 54 51 38 
36 5D
--------------------------------------------------------------------------------
2025-11-18 14:44:08.777 [RX] socket read partial
HEX: 5B 30 30 30 30 30 46 33 31 31 35 35 30 54 51 30 
30 30 30 30 30 30 36 30 30 30 30 30 30 30 30 44 
30 5D
--------------------------------------------------------------------------------
2025-11-18 14:44:08.828 [RX] [00000F311550TQ0000000600000000D0]
HEX: 5B 30 30 30 30 30 46 33 31 31 35 35 30 54 51 30 
30 30 30 30 30 30 36 30 30 30 30 30 30 30 30 44 
30 5D
--------------------------------------------------------------------------------
2025-11-18 14:44:08.863 [SYS] serialPort_DataReceived exit
--------------------------------------------------------------------------------
2025-11-18 14:44:09.213 [SYS] timeout:st:eWaitBetweenReads
--------------------------------------------------------------------------------
2025-11-18 14:44:09.360 [TX] 00000F311550LS
HEX: 30 30 30 30 30 46 33 31 31 35 35 30 4C 53
--------------------------------------------------------------------------------
2025-11-18 14:44:09.395 [TX Bytes] [00000F311550LS2D]
HEX: 5B 30 30 30 30 30 46 33 31 31 35 35 30 4C 53 32 
44 5D
--------------------------------------------------------------------------------
2025-11-18 14:44:09.555 [RX] socket read partial
HEX: 5B 30 30 30 30 30 46 33 31 31 35 35 30 4C 53 30 
30 30 30 46 46 46 46 30 30 30 30 30 30 30 30 30 
30 30 30 30 30 30 30 30 30 30 30 30 30 30 30 30 
30 30 30 30 30 30 30 30 30 30 30 35 36 5D
--------------------------------------------------------------------------------
2025-11-18 14:44:09.606 [RX] [00000F311550LS0000FFFF00000000000000000000000000000000000056]
HEX: 5B 30 30 30 30 30 46 33 31 31 35 35 30 4C 53 30 
30 30 30 46 46 46 46 30 30 30 30 30 30 30 30 30 
30 30 30 30 30 30 30 30 30 30 30 30 30 30 30 30 
30 30 30 30 30 30 30 30 30 30 30 35 36 5D
--------------------------------------------------------------------------------
2025-11-18 14:44:09.622 [SYS] serialPort_DataReceived exit
--------------------------------------------------------------------------------
2025-11-18 14:44:09.637 [TX] 00000F311550TQ
HEX: 30 30 30 30 30 46 33 31 31 35 35 30 54 51
--------------------------------------------------------------------------------
2025-11-18 14:44:09.672 [TX Bytes] [00000F311550TQ86]
HEX: 5B 30 30 30 30 30 46 33 31 31 35 35 30 54 51 38 
36 5D
--------------------------------------------------------------------------------
2025-11-18 14:44:09.837 [SYS] serialPort_DataReceived exit
--------------------------------------------------------------------------------
2025-11-18 14:44:09.988 [SYS] serialPort_DataReceived exit
--------------------------------------------------------------------------------
2025-11-18 14:44:10.135 [SYS] serialPort_DataReceived exit
--------------------------------------------------------------------------------
2025-11-18 14:44:10.146 [SYS] timeout:st:eWaitingAnswerReadCommand
--------------------------------------------------------------------------------
2025-11-18 14:44:10.170 [TX] 00000F311550TQ
HEX: 30 30 30 30 30 46 33 31 31 35 35 30 54 51
--------------------------------------------------------------------------------
2025-11-18 14:44:10.207 [TX Bytes] [00000F311550TQ86]
HEX: 5B 30 30 30 30 30 46 33 31 31 35 35 30 54 51 38 
36 5D
--------------------------------------------------------------------------------
2025-11-18 14:44:10.386 [SYS] serialPort_DataReceived exit
--------------------------------------------------------------------------------
2025-11-18 14:44:10.553 [SYS] serialPort_DataReceived exit
--------------------------------------------------------------------------------
2025-11-18 14:44:10.710 [RX] socket read partial
HEX: 5B 30 30 30 30 30 46 33 31 31 35 35 30 54 51 46 
46 46 46 46 46 32 44 30 30 30 30 30 30 30 30 33 
36 5D
--------------------------------------------------------------------------------
2025-11-18 14:44:10.760 [RX] [00000F311550TQFFFFFF2D0000000036]
HEX: 5B 30 30 30 30 30 46 33 31 31 35 35 30 54 51 46 
46 46 46 46 46 32 44 30 30 30 30 30 30 30 30 33 
36 5D
--------------------------------------------------------------------------------
2025-11-18 14:44:10.792 [SYS] serialPort_DataReceived exit
--------------------------------------------------------------------------------
2025-11-18 14:44:10.813 [TX] 00000F311550DS
HEX: 30 30 30 30 30 46 33 31 31 35 35 30 44 53
--------------------------------------------------------------------------------
2025-11-18 14:44:10.846 [TX Bytes] [00000F311550DS91]
HEX: 5B 30 30 30 30 30 46 33 31 31 35 35 30 44 53 39 
31 5D
--------------------------------------------------------------------------------
2025-11-18 14:44:11.022 [RX] socket read partial
HEX: 5B 30 30 30 30 30 46 33 31 31 35 35 30 54 51 46 
46 46 46 46 46 46 46 30 30 30 30 30 30 30 30 44 
36 5D 5B 30 30 30 30 30 46 33 31 31 35 35 30 44 
53 42 38 30 30 36 33 35 31 30 31 30 30 30 32 30 
31 30 31 31 30 36 38 30 33 45 38 30 30 30 33 30 
30 30 30 30 30 41 37 30 30 30 30 42 36 39 41 42 
37 5D
--------------------------------------------------------------------------------
2025-11-18 14:44:11.069 [RX] [00000F311550TQFFFFFFFF00000000D6]
HEX: 5B 30 30 30 30 30 46 33 31 31 35 35 30 54 51 46 
46 46 46 46 46 46 46 30 30 30 30 30 30 30 30 44 
36 5D
--------------------------------------------------------------------------------
2025-11-18 14:44:11.077 [SYS] serialPort_DataReceived exit
--------------------------------------------------------------------------------
2025-11-18 14:44:11.333 [SYS] timeout:st:eWaitingDeviceStatus
--------------------------------------------------------------------------------
2025-11-18 14:44:11.354 [TX] 00000F311550DS
HEX: 30 30 30 30 30 46 33 31 31 35 35 30 44 53
--------------------------------------------------------------------------------
2025-11-18 14:44:11.387 [TX Bytes] [00000F311550DS91]
HEX: 5B 30 30 30 30 30 46 33 31 31 35 35 30 44 53 39 
31 5D
--------------------------------------------------------------------------------
2025-11-18 14:44:11.561 [RX] socket read partial
HEX: 5B 30 30 30 30 30 46 33 31 31 35 35 30 44 53 42 
38 30 30 36 33 35 31 30 31 30 30 30 32 30 31 30 
31 31 30 36 38 30 33 45 38 30 30 30 33 30 30 30 
30 30 30 41 38 30 30 30 30 42 36 39 41 30 41 5D

--------------------------------------------------------------------------------
2025-11-18 14:44:11.612 [RX] [00000F311550DSB80063510100020101106803E80003000000A80000B69A0A]
HEX: 5B 30 30 30 30 30 46 33 31 31 35 35 30 44 53 42 
38 30 30 36 33 35 31 30 31 30 30 30 32 30 31 30 
31 31 30 36 38 30 33 45 38 30 30 30 33 30 30 30 
30 30 30 41 38 30 30 30 30 42 36 39 41 30 41 5D

--------------------------------------------------------------------------------
2025-11-18 14:44:11.630 [SYS] serialPort_DataReceived exit
--------------------------------------------------------------------------------
2025-11-18 14:44:11.650 [TX] 00000F311550TQ
HEX: 30 30 30 30 30 46 33 31 31 35 35 30 54 51
--------------------------------------------------------------------------------
2025-11-18 14:44:11.682 [TX Bytes] [00000F311550TQ86]
HEX: 5B 30 30 30 30 30 46 33 31 31 35 35 30 54 51 38 
36 5D
--------------------------------------------------------------------------------
2025-11-18 14:44:11.854 [RX] socket read partial
HEX: 5B 30 30 30 30 30 46 33 31 31 35 35 30 54 51 46 
46 46 46 46 46 39 46 30 30 30 30 30 30 30 30 43 
30 5D
--------------------------------------------------------------------------------
2025-11-18 14:44:11.905 [RX] [00000F311550TQFFFFFF9F00000000C0]
HEX: 5B 30 30 30 30 30 46 33 31 31 35 35 30 54 51 46 
46 46 46 46 46 39 46 30 30 30 30 30 30 30 30 43 
30 5D
--------------------------------------------------------------------------------
2025-11-18 14:44:11.939 [SYS] serialPort_DataReceived exit
--------------------------------------------------------------------------------
2025-11-18 14:44:12.310 [SYS] timeout:st:eWaitBetweenReads
--------------------------------------------------------------------------------
2025-11-18 14:44:12.446 [TX] 00000F311550LS
HEX: 30 30 30 30 30 46 33 31 31 35 35 30 4C 53
--------------------------------------------------------------------------------
2025-11-18 14:44:12.479 [TX Bytes] [00000F311550LS2D]
HEX: 5B 30 30 30 30 30 46 33 31 31 35 35 30 4C 53 32 
44 5D
--------------------------------------------------------------------------------
2025-11-18 14:44:12.659 [RX] socket read partial
HEX: 5B 30 30 30 30 30 46 33 31 31 35 35 30 4C 53 30 
30 30 30 46 46 46 46 30 30 30 30 30 30 30 30 30 
30 30 30 30 30 30 30 30 30 30 30 30 30 30 30 30 
30 30 30 30 30 30 30 30 30 30 30 35 36 5D
--------------------------------------------------------------------------------
2025-11-18 14:44:12.716 [RX] [00000F311550LS0000FFFF00000000000000000000000000000000000056]
HEX: 5B 30 30 30 30 30 46 33 31 31 35 35 30 4C 53 30 
30 30 30 46 46 46 46 30 30 30 30 30 30 30 30 30 
30 30 30 30 30 30 30 30 30 30 30 30 30 30 30 30 
30 30 30 30 30 30 30 30 30 30 30 35 36 5D
--------------------------------------------------------------------------------
2025-11-18 14:44:12.734 [SYS] serialPort_DataReceived exit
--------------------------------------------------------------------------------
2025-11-18 14:44:12.748 [TX] 00000F311550TQ
HEX: 30 30 30 30 30 46 33 31 31 35 35 30 54 51
--------------------------------------------------------------------------------
2025-11-18 14:44:12.783 [TX Bytes] [00000F311550TQ86]
HEX: 5B 30 30 30 30 30 46 33 31 31 35 35 30 54 51 38 
36 5D
--------------------------------------------------------------------------------
2025-11-18 14:44:12.961 [RX] socket read partial
HEX: 5B 30 30 30 30 30 46 33 31 31 35 35 30 54 51 46 
46 46 46 46 46 37 38 30 30 30 30 30 30 30 30 46 
31 5D
--------------------------------------------------------------------------------
2025-11-18 14:44:13.011 [RX] [00000F311550TQFFFFFF7800000000F1]
HEX: 5B 30 30 30 30 30 46 33 31 31 35 35 30 54 51 46 
46 46 46 46 46 37 38 30 30 30 30 30 30 30 30 46 
31 5D
--------------------------------------------------------------------------------
2025-11-18 14:44:13.046 [SYS] serialPort_DataReceived exit
--------------------------------------------------------------------------------
2025-11-18 14:44:13.074 [TX] 00000F311550DS
HEX: 30 30 30 30 30 46 33 31 31 35 35 30 44 53
--------------------------------------------------------------------------------
2025-11-18 14:44:13.113 [TX Bytes] [00000F311550DS91]
HEX: 5B 30 30 30 30 30 46 33 31 31 35 35 30 44 53 39 
31 5D
--------------------------------------------------------------------------------
2025-11-18 14:44:13.275 [RX] socket read partial
HEX: 5B 30 30 30 30 30 46 33 31 31 35 35 30 44 53 42 
38 30 30 36 33 35 31 30 31 30 30 30 32 30 31 30 
31 31 30 36 38 30 33 45 38 30 30 30 33 30 30 30 
30 30 30 41 41 30 30 30 30 42 36 39 41 39 38 5D

--------------------------------------------------------------------------------
2025-11-18 14:44:13.322 [RX] [00000F311550DSB80063510100020101106803E80003000000AA0000B69A98]
HEX: 5B 30 30 30 30 30 46 33 31 31 35 35 30 44 53 42 
38 30 30 36 33 35 31 30 31 30 30 30 32 30 31 30 
31 31 30 36 38 30 33 45 38 30 30 30 33 30 30 30 
30 30 30 41 41 30 30 30 30 42 36 39 41 39 38 5D

--------------------------------------------------------------------------------
2025-11-18 14:44:13.337 [SYS] serialPort_DataReceived exit
--------------------------------------------------------------------------------
2025-11-18 14:44:13.357 [TX] 00000F311550TQ
HEX: 30 30 30 30 30 46 33 31 31 35 35 30 54 51
--------------------------------------------------------------------------------
2025-11-18 14:44:13.389 [TX Bytes] [00000F311550TQ86]
HEX: 5B 30 30 30 30 30 46 33 31 31 35 35 30 54 51 38 
36 5D
--------------------------------------------------------------------------------
2025-11-18 14:44:13.557 [RX] socket read partial
HEX: 5B 30 30 30 30 30 46 33 31 31 35 35 30 54 51 46 
46 46 46 46 46 44 31 30 30 30 30 30 30 30 30 41 
33 5D
--------------------------------------------------------------------------------
2025-11-18 14:44:13.608 [RX] [00000F311550TQFFFFFFD100000000A3]
HEX: 5B 30 30 30 30 30 46 33 31 31 35 35 30 54 51 46 
46 46 46 46 46 44 31 30 30 30 30 30 30 30 30 41 
33 5D
--------------------------------------------------------------------------------
2025-11-18 14:44:13.646 [SYS] serialPort_DataReceived exit
--------------------------------------------------------------------------------
2025-11-18 14:44:14.021 [SYS] timeout:st:eWaitBetweenReads
--------------------------------------------------------------------------------
2025-11-18 14:44:14.164 [TX] 00000F311550LS
HEX: 30 30 30 30 30 46 33 31 31 35 35 30 4C 53
--------------------------------------------------------------------------------
2025-11-18 14:44:14.207 [TX Bytes] [00000F311550LS2D]
HEX: 5B 30 30 30 30 30 46 33 31 31 35 35 30 4C 53 32 
44 5D
--------------------------------------------------------------------------------
2025-11-18 14:44:14.378 [RX] socket read partial
HEX: 5B 30 30 30 30 30 46 33 31 31 35 35 30 4C 53 30 
30 30 30 46 46 46 46 30 30 30 30 30 30 30 30 30 
30 30 30 30 30 30 30 30 30 30 30 30 30 30 30 30 
30 30 30 30 30 30 30 30 30 30 30 35 36 5D
--------------------------------------------------------------------------------
2025-11-18 14:44:14.426 [RX] [00000F311550LS0000FFFF00000000000000000000000000000000000056]
HEX: 5B 30 30 30 30 30 46 33 31 31 35 35 30 4C 53 30 
30 30 30 46 46 46 46 30 30 30 30 30 30 30 30 30 
30 30 30 30 30 30 30 30 30 30 30 30 30 30 30 30 
30 30 30 30 30 30 30 30 30 30 30 35 36 5D
--------------------------------------------------------------------------------
2025-11-18 14:44:14.442 [SYS] serialPort_DataReceived exit
--------------------------------------------------------------------------------
2025-11-18 14:44:14.456 [TX] 00000F311550TQ
HEX: 30 30 30 30 30 46 33 31 31 35 35 30 54 51
--------------------------------------------------------------------------------
2025-11-18 14:44:14.491 [TX Bytes] [00000F311550TQ86]
HEX: 5B 30 30 30 30 30 46 33 31 31 35 35 30 54 51 38 
36 5D
--------------------------------------------------------------------------------
2025-11-18 14:44:14.669 [RX] socket read partial
HEX: 5B 30 30 30 30 30 46 33 31 31 35 35 30 54 51 30 
30 30 30 30 32 32 33 30 30 30 30 30 30 30 30 32 
36 5D
--------------------------------------------------------------------------------
2025-11-18 14:44:14.717 [RX] [00000F311550TQ000002230000000026]
HEX: 5B 30 30 30 30 30 46 33 31 31 35 35 30 54 51 30 
30 30 30 30 32 32 33 30 30 30 30 30 30 30 30 32 
36 5D
--------------------------------------------------------------------------------
2025-11-18 14:44:14.755 [SYS] serialPort_DataReceived exit
--------------------------------------------------------------------------------
2025-11-18 14:44:14.780 [TX] 00000F311550DS
HEX: 30 30 30 30 30 46 33 31 31 35 35 30 44 53
--------------------------------------------------------------------------------
2025-11-18 14:44:14.816 [TX Bytes] [00000F311550DS91]
HEX: 5B 30 30 30 30 30 46 33 31 31 35 35 30 44 53 39 
31 5D
--------------------------------------------------------------------------------
2025-11-18 14:44:14.983 [RX] socket read partial
HEX: 5B 30 30 30 30 30 46 33 31 31 35 35 30 44 53 42 
38 30 30 36 35 34 35 30 31 30 30 30 32 30 31 30 
31 31 30 36 38 30 33 45 38 30 30 30 33 30 30 30 
30 30 30 41 42 30 30 30 30 42 36 39 41 45 41 5D

--------------------------------------------------------------------------------
2025-11-18 14:44:15.053 [RX] [00000F311550DSB80065450100020101106803E80003000000AB0000B69AEA]
HEX: 5B 30 30 30 30 30 46 33 31 31 35 35 30 44 53 42 
38 30 30 36 35 34 35 30 31 30 30 30 32 30 31 30 
31 31 30 36 38 30 33 45 38 30 30 30 33 30 30 30 
30 30 30 41 42 30 30 30 30 42 36 39 41 45 41 5D

--------------------------------------------------------------------------------
2025-11-18 14:44:15.074 [SYS] serialPort_DataReceived exit
--------------------------------------------------------------------------------
2025-11-18 14:44:15.108 [TX] 00000F311550TQ
HEX: 30 30 30 30 30 46 33 31 31 35 35 30 54 51
--------------------------------------------------------------------------------
2025-11-18 14:44:15.150 [TX Bytes] [00000F311550TQ86]
HEX: 5B 30 30 30 30 30 46 33 31 31 35 35 30 54 51 38 
36 5D
--------------------------------------------------------------------------------
2025-11-18 14:44:15.329 [RX] socket read partial
HEX: 5B 30 30 30 30 30 46 33 31 31 35 35 30 54 51 30 
30 30 31 41 30 41 31 30 30 30 30 30 30 30 30 39 
38 5D
--------------------------------------------------------------------------------
2025-11-18 14:44:15.380 [RX] [00000F311550TQ0001A0A10000000098]
HEX: 5B 30 30 30 30 30 46 33 31 31 35 35 30 54 51 30 
30 30 31 41 30 41 31 30 30 30 30 30 30 30 30 39 
38 5D
--------------------------------------------------------------------------------
2025-11-18 14:44:15.419 [SYS] serialPort_DataReceived exit
--------------------------------------------------------------------------------
2025-11-18 14:44:15.775 [SYS] timeout:st:eWaitBetweenReads
--------------------------------------------------------------------------------
2025-11-18 14:44:15.914 [TX] 00000F311550LS
HEX: 30 30 30 30 30 46 33 31 31 35 35 30 4C 53
--------------------------------------------------------------------------------
2025-11-18 14:44:15.951 [TX Bytes] [00000F311550LS2D]
HEX: 5B 30 30 30 30 30 46 33 31 31 35 35 30 4C 53 32 
44 5D
--------------------------------------------------------------------------------
2025-11-18 14:44:16.116 [RX] socket read partial
HEX: 5B 30 30 30 30 30 46 33 31 31 35 35 30 4C 53 30 
31 30 30 30 33 35 33 30 33 35 34 30 33 35 33 30 
30 30 30 30 30 30 34 44 45 34 39 30 30 30 30 30 
30 30 30 30 30 30 30 30 30 30 30 46 38 5D
--------------------------------------------------------------------------------
2025-11-18 14:44:16.166 [RX] [00000F311550LS010003530354035300000004DE490000000000000000F8]
HEX: 5B 30 30 30 30 30 46 33 31 31 35 35 30 4C 53 30 
31 30 30 30 33 35 33 30 33 35 34 30 33 35 33 30 
30 30 30 30 30 30 34 44 45 34 39 30 30 30 30 30 
30 30 30 30 30 30 30 30 30 30 30 46 38 5D
--------------------------------------------------------------------------------
2025-11-18 14:44:16.184 [SYS] serialPort_DataReceived exit
--------------------------------------------------------------------------------
2025-11-18 14:44:16.197 [TX] 00000F311550TQ
HEX: 30 30 30 30 30 46 33 31 31 35 35 30 54 51
--------------------------------------------------------------------------------
2025-11-18 14:44:16.236 [TX Bytes] [00000F311550TQ86]
HEX: 5B 30 30 30 30 30 46 33 31 31 35 35 30 54 51 38 
36 5D
--------------------------------------------------------------------------------
2025-11-18 14:44:16.421 [RX] socket read partial
HEX: 5B 30 30 30 30 30 46 33 31 31 35 35 30 54 51 46 
46 46 46 46 35 33 31 30 30 30 30 30 30 30 30 35 
37 5D
--------------------------------------------------------------------------------
2025-11-18 14:44:16.494 [RX] [00000F311550TQFFFFF5310000000057]
HEX: 5B 30 30 30 30 30 46 33 31 31 35 35 30 54 51 46 
46 46 46 46 35 33 31 30 30 30 30 30 30 30 30 35 
37 5D
--------------------------------------------------------------------------------
2025-11-18 14:44:16.529 [SYS] serialPort_DataReceived exit
--------------------------------------------------------------------------------
2025-11-18 14:44:16.554 [TX] 00000F311550DS
HEX: 30 30 30 30 30 46 33 31 31 35 35 30 44 53
--------------------------------------------------------------------------------
2025-11-18 14:44:16.592 [TX Bytes] [00000F311550DS91]
HEX: 5B 30 30 30 30 30 46 33 31 31 35 35 30 44 53 39 
31 5D
--------------------------------------------------------------------------------
2025-11-18 14:44:16.764 [RX] socket read partial
HEX: 5B 30 30 30 30 30 46 33 31 31 35 35 30 44 53 42 
38 30 30 36 35 34 35 30 31 30 30 30 32 30 31 30 
31 31 30 36 38 30 33 45 38 30 30 30 33 30 30 30 
30 30 30 41 44 30 30 30 30 42 36 39 41 31 41 5D

--------------------------------------------------------------------------------
2025-11-18 14:44:16.820 [RX] [00000F311550DSB80065450100020101106803E80003000000AD0000B69A1A]
HEX: 5B 30 30 30 30 30 46 33 31 31 35 35 30 44 53 42 
38 30 30 36 35 34 35 30 31 30 30 30 32 30 31 30 
31 31 30 36 38 30 33 45 38 30 30 30 33 30 30 30 
30 30 30 41 44 30 30 30 30 42 36 39 41 31 41 5D

--------------------------------------------------------------------------------
2025-11-18 14:44:16.841 [SYS] serialPort_DataReceived exit
--------------------------------------------------------------------------------
2025-11-18 14:44:16.875 [TX] 00000F311550TQ
HEX: 30 30 30 30 30 46 33 31 31 35 35 30 54 51
--------------------------------------------------------------------------------
2025-11-18 14:44:16.921 [TX Bytes] [00000F311550TQ86]
HEX: 5B 30 30 30 30 30 46 33 31 31 35 35 30 54 51 38 
36 5D
--------------------------------------------------------------------------------
2025-11-18 14:44:17.112 [RX] socket read partial
HEX: 5B 30 30 30 30 30 46 33 31 31 35 35 30 54 51 46 
46 46 46 46 43 41 44 30 30 30 30 30 30 30 30 33 
37 5D
--------------------------------------------------------------------------------
2025-11-18 14:44:17.183 [RX] [00000F311550TQFFFFFCAD0000000037]
HEX: 5B 30 30 30 30 30 46 33 31 31 35 35 30 54 51 46 
46 46 46 46 43 41 44 30 30 30 30 30 30 30 30 33 
37 5D
--------------------------------------------------------------------------------
2025-11-18 14:44:17.253 [SYS] serialPort_DataReceived exit
--------------------------------------------------------------------------------
2025-11-18 14:44:17.589 [SYS] timeout:st:eWaitBetweenReads
--------------------------------------------------------------------------------
2025-11-18 14:44:17.751 [TX] 00000F311550LS
HEX: 30 30 30 30 30 46 33 31 31 35 35 30 4C 53
--------------------------------------------------------------------------------
2025-11-18 14:44:17.813 [TX Bytes] [00000F311550LS2D]
HEX: 5B 30 30 30 30 30 46 33 31 31 35 35 30 4C 53 32 
44 5D
--------------------------------------------------------------------------------
2025-11-18 14:44:17.930 [SYS] serialPort_DataReceived exit
--------------------------------------------------------------------------------
2025-11-18 14:44:18.067 [SYS] serialPort_DataReceived exit
--------------------------------------------------------------------------------
2025-11-18 14:44:18.218 [SYS] serialPort_DataReceived exit
--------------------------------------------------------------------------------
2025-11-18 14:44:18.358 [SYS] serialPort_DataReceived exit
--------------------------------------------------------------------------------
2025-11-18 14:44:18.508 [SYS] serialPort_DataReceived exit
--------------------------------------------------------------------------------
2025-11-18 14:44:18.653 [SYS] serialPort_DataReceived exit
--------------------------------------------------------------------------------
2025-11-18 14:44:18.811 [RX] socket read partial
HEX: 5B 30 30 30 30 30 46 33 31 31 35 35 30 4C 53 30 
33 30 30 30 35 45 39 30 35 45 41 30 33 36 32 30 
34 35 41 30 30 30 34 45 35 30 42 30 30 30 30 30 
30 30 30 30 30 30 30 30 30 30 30 41 39 5D
--------------------------------------------------------------------------------
2025-11-18 14:44:18.864 [RX] [00000F311550LS030005E905EA0362045A0004E50B0000000000000000A9]
HEX: 5B 30 30 30 30 30 46 33 31 31 35 35 30 4C 53 30 
33 30 30 30 35 45 39 30 35 45 41 30 33 36 32 30 
34 35 41 30 30 30 34 45 35 30 42 30 30 30 30 30 
30 30 30 30 30 30 30 30 30 30 30 41 39 5D
--------------------------------------------------------------------------------
2025-11-18 14:44:18.915 [SYS] serialPort_DataReceived exit
--------------------------------------------------------------------------------
2025-11-18 14:44:18.950 [TX] 00000F311550GD00006401
HEX: 30 30 30 30 30 46 33 31 31 35 35 30 47 44 30 30 
30 30 36 34 30 31
--------------------------------------------------------------------------------
2025-11-18 14:44:18.986 [TX Bytes] [00000F311550GD0000640108]
HEX: 5B 30 30 30 30 30 46 33 31 31 35 35 30 47 44 30 
30 30 30 36 34 30 31 30 38 5D
--------------------------------------------------------------------------------
2025-11-18 14:44:19.047 [RX] socket read partial
HEX: 5B 30 33 30 30 30 46 33 31 31 35 35 30 47 44 01 
62 0B 00 00 01 62 0B 00 00 01 63 06 00 00 01 64 
03 00 00 01 65 04 00 00 01 66 0C 00 00 01 67 1C 
00 00 01 68 36 00 00 01 69 5B 00 00 01 6A 8D 00 
00 01 6B C6 00 00 01 6D 04 00 00 01 6E 41 00 00

--------------------------------------------------------------------------------
2025-11-18 14:44:19.087 [RX] socket read partial
HEX: 01 6F 7A 00 00 01 70 AE 00 00 01 71 DC 00 00 01 
73 08 00 00 01 74 33 00 00 01 75 5E 00 00 01 76 
8D 00 00 01 77 C1 00 00 01 78 FD 00 00 01 7A 41 
00 00 01 7B 8E 00 00 01 7C E5 00 00 01 7E 45 00 
00 01 7F AC 00 00 01 81 15 00 00 01 82 7C 00 00 
01 83 DC 00 00 01 85 34 00 00 01 86 85 00 00 01 
87 D1 00 00 01 89 1C 00 00 01 8A 69 00 00 01 8B 
B8 00 00 01 8D 0C 00 00 01 8E 67 00 00 01 8F C8 
00 00 01 91 31 00 00 01 92 A0 00 00 01 94 16 00 
00 01 95 91 00 00 01 97 0F 00 00 01 98 8D 00 00 
01 9A 04 00 00 01 9B 71 00 00 01 9C D0 00 00 01 
9E 22 00 00 01 9F 67 00 00 01 A0 A1 00 00 01 A1 
D4 00 00 01 A3 01 00 00 01 A4 2C 00 00 01 A5 57 
00 00 01 A6 83 00 00 01 A7 AF 00 00 01 A8 DE 00 
00 01 AA 11 00 00 01 AB 47 00 00 01 AC 7D 00 00 
01 AD AE 00 00 01 AE D7 00 00 01 AF F4 00 00 01 
B1 05 00 00 01 B2 0B 00 00 01 B3 0C 00 00 01 B4 
09 00 00 01 B5 05 00 00 01 B6 03 00 00 01 B7 08 
00 00 01 B8 14 00 00 01 B9 28 00 00 01 BA 44 00 
00 01 BB 68 00 00 01 BC 95 00 00 01 BD C9 00 00 
01 BF 01 00 00 01 C0 37 00 00 01 C1 69 00 00 01 
C2 91 00 00 01 C3 AF 00 00 01 C4 C3 00 00 01 C5 
CE 00 00 01 C6 D2 00 00 01 C7 D3 00 00 01 C8 D2 
00 00 01 C9 D3 00 00 01 CA D9 00 00 01 CB E4 00 
00 01 CC F5 00 00 01 CE 0D 00 00 01 CF 2B 00 00 
01 D0 50 00 00 01 D1 75 00 00 01 D2 96 00 00 01 
D3 AE 00 00 01 D4 BA 00 00 01 D5 BC 00 00 01 D6 
B4 00 00 38 35 5D
--------------------------------------------------------------------------------
2025-11-18 14:44:19.163 [SYS] serialPort_DataReceived exit
--------------------------------------------------------------------------------
2025-11-18 14:44:19.178 [TX] 00000F311550GD00646401
HEX: 30 30 30 30 30 46 33 31 31 35 35 30 47 44 30 30 
36 34 36 34 30 31
--------------------------------------------------------------------------------
2025-11-18 14:44:19.215 [TX Bytes] [00000F311550GD00646401D8]
HEX: 5B 30 30 30 30 30 46 33 31 31 35 35 30 47 44 30 
30 36 34 36 34 30 31 44 38 5D
--------------------------------------------------------------------------------
2025-11-18 14:44:19.337 [RX] socket read partial
HEX: 5B 30 33 30 30 30 46 33 31 31 35 35 30 47 44 01 
D7 A5 00 00 01 D8 91 00 00 01 D9 7A 00 00 01 DA 
63 00 00 01 DB 50 00 00 01 DC 43 00 00 01 DD 3D 
00 00 01 DE 3F 00 00 01 DF 4C 00 00 01 E0 63 00 
00 01 E1 80 00 00 01 E2 A0 00 00 01 E3 BE 00 00

--------------------------------------------------------------------------------
2025-11-18 14:44:19.379 [RX] socket read partial
HEX: 01 E4 D8 00 00 01 E5 EA 00 00 01 E6 F4 00 00 01 
E7 F8 00 00 01 E8 F5 00 00 01 E9 EE 00 00 01 EA 
E4 00 00 01 EB D9 00 00 01 EC CF 00 00 01 ED C7 
00 00 01 EE C2 00 00 01 EF C2 00 00 01 F0 C7 00 
00 01 F1 D1 00 00 01 F2 DE 00 00 01 F3 E8 00 00 
01 F4 EB 00 00 01 F5 E4 00 00 01 F6 D3 00 00 01 
F7 B6 00 00 01 F8 90 00 00 01 F9 62 00 00 01 FA 
2E 00 00 01 FA F7 00 00 01 FB C0 00 00 01 FC 8B 
00 00 01 FD 5A 00 00 01 FE 30 00 00 01 FF 0D 00 
00 01 FF F1 00 00 02 00 DC 00 00 02 01 CA 00 00 
02 02 B7 00 00 02 03 A1 00 00 02 04 86 00 00 02 
05 64 00 00 02 06 3E 00 00 02 07 17 00 00 02 07 
F1 00 00 02 08 CF 00 00 02 09 B6 00 00 02 0A A8 
00 00 02 0B A7 00 00 02 0C B5 00 00 02 0D D0 00 
00 02 0E F9 00 00 02 10 2E 00 00 02 11 6D 00 00 
02 12 B4 00 00 02 13 FC 00 00 02 15 43 00 00 02 
16 86 00 00 02 18 FE 00 00 02 1A 35 00 00 02 1B 
6A 00 00 02 1C 9F 00 00 02 1C 9F 00 00 02 1D D8 
00 00 02 1F 15 00 00 02 20 5A 00 00 02 21 A5 00 
00 02 22 F8 00 00 02 24 53 00 00 02 25 B6 00 00 
02 27 1E 00 00 02 28 87 00 00 02 29 EE 00 00 02 
2C AA 00 00 02 2D FC 00 00 02 2F 44 00 00 02 30 
85 00 00 02 31 C0 00 00 02 32 F7 00 00 02 34 2F 
00 00 02 35 68 00 00 02 36 A6 00 00 02 37 EA 00 
00 02 39 34 00 00 02 3A 86 00 00 02 3B DD 00 00 
02 3D 34 00 00 02 3E 87 00 00 02 3F D2 00 00 02 
41 11 00 00 02 42 41 00 00 02 43 63 00 00 02 44 
78 00 00 42 35 5D
--------------------------------------------------------------------------------
2025-11-18 14:44:19.449 [SYS] serialPort_DataReceived exit
--------------------------------------------------------------------------------
2025-11-18 14:44:19.462 [TX] 00000F311550GD00C86401
HEX: 30 30 30 30 30 46 33 31 31 35 35 30 47 44 30 30 
43 38 36 34 30 31
--------------------------------------------------------------------------------
2025-11-18 14:44:19.496 [TX Bytes] [00000F311550GD00C864011A]
HEX: 5B 30 30 30 30 30 46 33 31 31 35 35 30 47 44 30 
30 43 38 36 34 30 31 31 41 5D
--------------------------------------------------------------------------------
2025-11-18 14:44:19.629 [RX] socket read partial
HEX: 5B 30 33 30 30 30 46 33 31 31 35 35 30 47 44 02 
45 80 00 00 02 46 7E 00 00 02 47 75 00 00 02 48 
67 00 00 02 49 56 00 00 02 4A 44 00 00 02 4B 31 
00 00 02 4C 1E 00 00 02 4D 0B 00 00 02 4D F5 00 
00 02 4E D8 00 00 02 4F AF 00 00 02 50 79 00 00

--------------------------------------------------------------------------------
2025-11-18 14:44:19.679 [RX] socket read partial
HEX: 02 51 31 00 00 02 51 D9 00 00 02 52 70 00 00 02 
52 F7 00 00 02 53 72 00 00 02 53 E6 00 00 02 54 
58 00 00 02 54 CD 00 00 02 55 49 00 00 02 55 CF 
00 00 02 56 5F 00 00 02 56 FA 00 00 02 57 A0 00 
00 02 58 50 00 00 02 59 07 00 00 02 59 C2 00 00 
02 5A 7E 00 00 02 5B 38 00 00 02 5B F1 00 00 02 
5C A9 00 00 02 5D 61 00 00 02 5E 1C 00 00 02 5E 
DD 00 00 02 5F A7 00 00 02 60 7C 00 00 02 61 5D 
00 00 02 62 4B 00 00 02 63 45 00 00 02 64 4A 00 
00 02 65 5A 00 00 02 66 71 00 00 02 67 8D 00 00 
02 68 AB 00 00 02 69 C7 00 00 02 6A E1 00 00 02 
6B F8 00 00 02 6D 0D 00 00 02 6E 22 00 00 02 6F 
3A 00 00 02 70 56 00 00 02 71 7A 00 00 02 72 A8 
00 00 02 73 E0 00 00 02 75 24 00 00 02 76 74 00 
00 02 77 D3 00 00 02 79 3E 00 00 02 7A B3 00 00 
02 7C 2D 00 00 02 7D A6 00 00 02 7F 1A 00 00 02 
80 88 00 00 02 81 F0 00 00 02 83 55 00 00 02 84 
B6 00 00 02 86 17 00 00 02 87 79 00 00 02 88 DE 
00 00 02 8A 46 00 00 02 8B B2 00 00 02 8D 22 00 
00 02 8E 95 00 00 02 90 0A 00 00 02 91 80 00 00 
02 92 F3 00 00 02 94 5F 00 00 02 95 C1 00 00 02 
97 17 00 00 02 98 60 00 00 02 99 9E 00 00 02 9A 
D5 00 00 02 9C 04 00 00 02 9D 2F 00 00 02 9E 57 
00 00 02 9F 7F 00 00 02 A0 A8 00 00 02 A1 D1 00 
00 02 A2 FA 00 00 02 A4 25 00 00 02 A5 4F 00 00 
02 A6 77 00 00 02 A7 98 00 00 02 A8 AE 00 00 02 
A9 B5 00 00 02 AA AC 00 00 02 AB 93 00 00 02 AC 
6E 00 00 36 37 5D
--------------------------------------------------------------------------------
2025-11-18 14:44:19.744 [SYS] serialPort_DataReceived exit
--------------------------------------------------------------------------------
2025-11-18 14:44:20.037 [SYS] timeout:st:eWaitingChartBlock
--------------------------------------------------------------------------------
2025-11-18 14:44:20.063 [TX] 00000F311550GD00C86401
HEX: 30 30 30 30 30 46 33 31 31 35 35 30 47 44 30 30 
43 38 36 34 30 31
--------------------------------------------------------------------------------
2025-11-18 14:44:20.101 [TX Bytes] [00000F311550GD00C864011A]
HEX: 5B 30 30 30 30 30 46 33 31 31 35 35 30 47 44 30 
30 43 38 36 34 30 31 31 41 5D
--------------------------------------------------------------------------------
2025-11-18 14:44:20.195 [RX] socket read partial
HEX: 5B 30 33 30 30 30 46 33 31 31 35 35 30 47 44 02 
45 80 00 00 02 46 7E 00 00 02 47 75 00 00 02 48 
67 00 00 02 49 56 00 00 02 4A 44 00 00 02 4B 31 
00 00 02 4C 1E 00 00 02 4D 0B 00 00 02 4D F5 00 
00 02 4E D8 00 00 02 4F AF 00 00 02 50 79 00 00

--------------------------------------------------------------------------------
2025-11-18 14:44:20.233 [RX] socket read partial
HEX: 02 51 31 00 00 02 51 D9 00 00 02 52 70 00 00 02 
52 F7 00 00 02 53 72 00 00 02 53 E6 00 00 02 54 
58 00 00 02 54 CD 00 00 02 55 49 00 00 02 55 CF 
00 00 02 56 5F 00 00 02 56 FA 00 00 02 57 A0 00 
00 02 58 50 00 00 02 59 07 00 00 02 59 C2 00 00 
02 5A 7E 00 00 02 5B 38 00 00 02 5B F1 00 00 02 
5C A9 00 00 02 5D 61 00 00 02 5E 1C 00 00 02 5E 
DD 00 00 02 5F A7 00 00 02 60 7C 00 00 02 61 5D 
00 00 02 62 4B 00 00 02 63 45 00 00 02 64 4A 00 
00 02 65 5A 00 00 02 66 71 00 00 02 67 8D 00 00 
02 68 AB 00 00 02 69 C7 00 00 02 6A E1 00 00 02 
6B F8 00 00 02 6D 0D 00 00 02 6E 22 00 00 02 6F 
3A 00 00 02 70 56 00 00 02 71 7A 00 00 02 72 A8 
00 00 02 73 E0 00 00 02 75 24 00 00 02 76 74 00 
00 02 77 D3 00 00 02 79 3E 00 00 02 7A B3 00 00 
02 7C 2D 00 00 02 7D A6 00 00 02 7F 1A 00 00 02 
80 88 00 00 02 81 F0 00 00 02 83 55 00 00 02 84 
B6 00 00 02 86 17 00 00 02 87 79 00 00 02 88 DE 
00 00 02 8A 46 00 00 02 8B B2 00 00 02 8D 22 00 
00 02 8E 95 00 00 02 90 0A 00 00 02 91 80 00 00 
02 92 F3 00 00 02 94 5F 00 00 02 95 C1 00 00 02 
97 17 00 00 02 98 60 00 00 02 99 9E 00 00 02 9A 
D5 00 00 02 9C 04 00 00 02 9D 2F 00 00 02 9E 57 
00 00 02 9F 7F 00 00 02 A0 A8 00 00 02 A1 D1 00 
00 02 A2 FA 00 00 02 A4 25 00 00 02 A5 4F 00 00 
02 A6 77 00 00 02 A7 98 00 00 02 A8 AE 00 00 02 
A9 B5 00 00 02 AA AC 00 00 02 AB 93 00 00 02 AC 
6E 00 00 36 37 5D
--------------------------------------------------------------------------------
2025-11-18 14:44:20.306 [SYS] serialPort_DataReceived exit
--------------------------------------------------------------------------------
2025-11-18 14:44:20.322 [TX] 00000F311550GD012C6401
HEX: 30 30 30 30 30 46 33 31 31 35 35 30 47 44 30 31 
32 43 36 34 30 31
--------------------------------------------------------------------------------
2025-11-18 14:44:20.360 [TX Bytes] [00000F311550GD012C64011D]
HEX: 5B 30 30 30 30 30 46 33 31 31 35 35 30 47 44 30 
31 32 43 36 34 30 31 31 44 5D
--------------------------------------------------------------------------------
2025-11-18 14:44:20.442 [RX] socket read partial
HEX: 5B 30 33 30 30 30 46 33 31 31 35 35 30 47 44 02 
AD 3F 00 00 02 AE 08 00 00 02 AE CB 00 00 02 AF 
8C 00 00 02 B0 4E 00 00 02 B1 13 00 00 02 B1 DC 
00 00 02 B2 AD 00 00 02 B3 85 00 00 02 B4 62 00 
00 02 B5 43 00 00 02 B6 23 00 00 02 B7 00 00 00

--------------------------------------------------------------------------------
2025-11-18 14:44:20.483 [RX] socket read partial
HEX: 02 B7 D7 00 00 02 B8 A7 00 00 02 B9 70 00 00 02 
BA 33 00 00 02 BA F4 00 00 02 BB B5 00 00 02 BC 
78 00 00 02 BD 3E 00 00 02 BE 09 00 00 02 BE DA 
00 00 02 BF B1 00 00 02 C0 8D 00 00 02 C1 71 00 
00 02 C2 59 00 00 02 C3 43 00 00 02 C4 2A 00 00 
02 C5 0A 00 00 02 C5 E1 00 00 02 C6 AD 00 00 02 
C7 70 00 00 02 C8 2B 00 00 02 C8 E2 00 00 02 C9 
98 00 00 02 CA 4E 00 00 02 CB 07 00 00 02 CB C3 
00 00 02 CC 82 00 00 02 CD 45 00 00 02 CE 0C 00 
00 02 CE D5 00 00 02 CF 9E 00 00 02 D0 63 00 00 
02 D1 22 00 00 02 D1 D8 00 00 02 D2 82 00 00 02 
D3 20 00 00 02 D3 B4 00 00 02 D4 C4 00 00 02 D5 
46 00 00 02 D5 C8 00 00 02 D6 4D 00 00 02 D6 DA 
00 00 02 D7 6D 00 00 02 D8 0A 00 00 02 D8 B1 00 
00 02 D9 61 00 00 02 DA 18 00 00 02 DA D1 00 00 
02 DB 87 00 00 02 DC 37 00 00 02 DC DE 00 00 02 
DD 7E 00 00 02 DE 17 00 00 02 DE AC 00 00 02 DF 
41 00 00 02 DF D7 00 00 02 E0 73 00 00 02 E1 15 
00 00 02 E1 C0 00 00 02 E2 72 00 00 02 E3 2C 00 
00 02 E3 F0 00 00 02 E4 BB 00 00 02 E5 8C 00 00 
02 E6 5B 00 00 02 E7 25 00 00 02 E7 E4 00 00 02 
E8 97 00 00 02 E9 3D 00 00 02 E9 DA 00 00 02 EA 
6E 00 00 02 EA FB 00 00 02 EB 85 00 00 02 EC 0C 
00 00 02 EC 95 00 00 02 ED 1F 00 00 02 ED AC 00 
00 02 EE 3E 00 00 02 EE D5 00 00 02 EF 70 00 00 
02 F0 0C 00 00 02 F0 A6 00 00 02 F1 3A 00 00 02 
F1 C6 00 00 02 F2 48 00 00 02 F2 C5 00 00 02 F3 
3E 00 00 38 37 5D
--------------------------------------------------------------------------------
2025-11-18 14:44:20.557 [SYS] serialPort_DataReceived exit
--------------------------------------------------------------------------------
2025-11-18 14:44:20.573 [TX] 00000F311550GD01906401
HEX: 30 30 30 30 30 46 33 31 31 35 35 30 47 44 30 31 
39 30 36 34 30 31
--------------------------------------------------------------------------------
2025-11-18 14:44:20.608 [TX Bytes] [00000F311550GD019064014D]
HEX: 5B 30 30 30 30 30 46 33 31 31 35 35 30 47 44 30 
31 39 30 36 34 30 31 34 44 5D
--------------------------------------------------------------------------------
2025-11-18 14:44:20.701 [RX] socket read partial
HEX: 5B 30 33 30 30 30 46 33 31 31 35 35 30 47 44 02 
F3 B6 00 00 02 F4 31 00 00 02 F4 B0 00 00 02 F5 
36 00 00 02 F5 C2 00 00 02 F6 56 00 00 02 F6 F1 
00 00 02 F7 93 00 00 02 F8 3D 00 00 02 F8 EC 00 
00 02 F9 9E 00 00 02 FA 4D 00 00 02 FA F4 00 00 
02 FB 8F 00 00 02 FC 1D 00 00 02 FC 9F 00 00 02 
FD 17 00 00 02 FD 89 00 00 02 FD F9 00 00 02 FE 
6A 00 00 02 FE E0 00 00 02 FF 5C 00 00 02 FF DF 
00 00 03 00 6B 00 00 03 01 01 00 00 03 01 A0 00 
00 03 02 47 00 00 03 02 F1 00 00 03 03 98 00 00 
03 04 3A 00 00 03 04 D3 00 00 03 05 64 00 00 03 
05 EF 00 00 03 06 75 00 00 03 06 F8 00 00 03 07 
7A 00 00 03 07 FB 00 00 03 08 7E 00 00 03 09 01 
00 00 03 09 86 00 00 03 0A 10 00 00 03 0A A2 00 
00 03 0B 3B 00 00 03 0B D9 00 00 03 0C 76 00 00 
03 0D 0E 00 00 03 0D 9D 00 00 03 0E 23 00 00 03 
0E A0 00 00 03 0F 18 00 00 03 0F 8B 00 00 03 0F 
FE 00 00 03 10 71 00 00 03 10 E6 00 00 03 11 5E 
00 00 03 11 DB 00 00 03 12 5A 00 00 03 12 DD 00 
00 03 13 64 00 00 03 13 EC 00 00 03 14 73 00 00 
03 14 F4 00 00 03 15 6D 00 00 03 15 DB 00 00 03 
16 3E 00 00 03 16 97 00 00 03 16 E7 00 00 03 17 
33 00 00 03 17 7C 00 00 03 17 C7 00 00 03 18 18 
00 00 03 18 70 00 00 03 18 D2 00 00 03 19 40 00 
00 03 19 BC 00 00 03 1A 46 00 00 03 1A DC 00 00 
03 1B 7B 00 00 03 1C 1E 00 00 03 1C C2 00 00 03 
1D 63 00 00 03 1E 01 00 00 03 1E 9C 00 00 03 1F 
36 00 00 03 1F D1 00 00 03 20 6F 00 00 03 21 11 
00 00 03 21 B6 00 00 03 22 61 00 00 03 23 10 00 
00 03 23 C4 00 00 03 24 7D 00 00 03 25 3B 00 00 
03 25 F9 00 00 03 26 B4 00 00 03 27 67 00 00 03 
28 0D 00 00 03 28 A5 00 00 03 29 2F 00 00 03 29 
AD 00 00 38 43 5D
--------------------------------------------------------------------------------
2025-11-18 14:44:20.776 [SYS] serialPort_DataReceived exit
--------------------------------------------------------------------------------
2025-11-18 14:44:20.791 [TX] 00000F311550GD01F46401
HEX: 30 30 30 30 30 46 33 31 31 35 35 30 47 44 30 31 
46 34 36 34 30 31
--------------------------------------------------------------------------------
2025-11-18 14:44:20.824 [TX Bytes] [00000F311550GD01F4640147]
HEX: 5B 30 30 30 30 30 46 33 31 31 35 35 30 47 44 30 
31 46 34 36 34 30 31 34 37 5D
--------------------------------------------------------------------------------
2025-11-18 14:44:20.913 [RX] socket read partial
HEX: 5B 30 33 30 30 30 46 33 31 31 35 35 30 47 44 03 
2A 22 00 00 03 2A 90 00 00 03 2A FB 00 00 03 2B 
64 00 00 03 2B CF 00 00 03 2C 3B 00 00 03 2C AC 
00 00 03 2D 23 00 00 03 2D A1 00 00 03 2E 27 00 
00 03 2E B1 00 00 03 2F 3E 00 00 03 2F C8 00 00 
03 30 4D 00 00 03 30 CB 00 00 03 31 41 00 00 03 
31 B2 00 00 03 32 23 00 00 03 32 96 00 00 03 33 
0C 00 00 03 33 89 00 00 03 34 0D 00 00 03 34 99 
00 00 03 35 2C 00 00 03 35 C8 00 00 03 36 6B 00 
00 03 37 17 00 00 03 37 C8 00 00 03 38 78 00 00 
03 39 22 00 00 03 39 C3 00 00 03 3A 59 00 00 03 
3A E6 00 00 03 3B 6C 00 00 03 3B EC 00 00 03 3C 
69 00 00 03 3C E4 00 00 03 3D 60 00 00 03 3E 5E 
00 00 03 3E E4 00 00 03 3F 72 00 00 03 40 06 00 
00 03 40 A0 00 00 03 41 3A 00 00 03 41 D2 00 00 
03 42 62 00 00 03 42 EA 00 00 03 43 69 00 00 03 
43 E0 00 00 03 44 51 00 00 03 44 BE 00 00 03 45 
28 00 00 03 45 92 00 00 03 45 FD 00 00 03 46 6A 
00 00 03 46 DB 00 00 03 47 52 00 00 03 47 CF 00 
00 03 48 53 00 00 03 48 DB 00 00 03 49 64 00 00 
03 49 E9 00 00 03 4A 65 00 00 03 4A D8 00 00 03 
4B 41 00 00 03 4B A5 00 00 03 4C 04 00 00 03 4C 
62 00 00 03 4C BF 00 00 03 4D 1F 00 00 03 4D 85 
00 00 03 4D F1 00 00 03 4E 64 00 00 03 4E E0 00 
00 03 4F 65 00 00 03 4F F5 00 00 03 50 8D 00 00 
03 51 28 00 00 03 51 C3 00 00 03 52 5C 00 00 03 
52 F2 00 00 03 53 86 00 00 03 54 1A 00 00 03 54 
B1 00 00 03 55 4B 00 00 03 55 EB 00 00 03 56 93 
00 00 03 57 45 00 00 03 57 FF 00 00 03 58 C1 00 
00 03 59 8C 00 00 03 5A 5E 00 00 03 5B 36 00 00 
03 5C 10 00 00 03 5C E7 00 00 03 5D B6 00 00 03 
5E 7B 00 00 03 5F 31 00 00 03 5F D9 00 00 03 60 
75 00 00 39 38 5D
--------------------------------------------------------------------------------
2025-11-18 14:44:20.993 [SYS] serialPort_DataReceived exit
--------------------------------------------------------------------------------
2025-11-18 14:44:21.010 [TX] 00000F311550GD02586401
HEX: 30 30 30 30 30 46 33 31 31 35 35 30 47 44 30 32 
35 38 36 34 30 31
--------------------------------------------------------------------------------
2025-11-18 14:44:21.050 [TX Bytes] [00000F311550GD02586401A2]
HEX: 5B 30 30 30 30 30 46 33 31 31 35 35 30 47 44 30 
32 35 38 36 34 30 31 41 32 5D
--------------------------------------------------------------------------------
2025-11-18 14:44:21.132 [RX] socket read partial
HEX: 5B 30 33 30 30 30 46 33 31 31 35 35 30 47 44 03 
61 07 00 00 03 61 90 00 00 03 62 12 00 00 03 62 
8F 00 00 03 63 0A 00 00 03 63 82 00 00 03 63 FB 
00 00 03 64 76 00 00 03 64 F6 00 00 03 65 7B 00 
00 03 66 03 00 00 03 66 8C 00 00 03 67 10 00 00

--------------------------------------------------------------------------------
2025-11-18 14:44:21.168 [RX] socket read partial
HEX: 03 67 8D 00 00 03 68 04 00 00 03 68 76 00 00 03 
68 E4 00 00 03 69 50 00 00 03 69 BE 00 00 03 6A 
2F 00 00 03 6A A7 00 00 03 6B 27 00 00 03 6B AE 
00 00 03 6C 3D 00 00 03 6C D3 00 00 03 6D 71 00 
00 03 6E 14 00 00 03 6E B8 00 00 03 6F 5A 00 00 
03 6F F5 00 00 03 70 88 00 00 03 71 15 00 00 03 
71 9D 00 00 03 72 23 00 00 03 72 AC 00 00 03 73 
39 00 00 03 73 CC 00 00 03 74 67 00 00 03 75 0A 
00 00 03 75 B7 00 00 03 76 70 00 00 03 77 37 00 
00 03 78 0B 00 00 03 78 EC 00 00 03 79 D6 00 00 
03 7A C3 00 00 03 7B AF 00 00 03 7C 96 00 00 03 
7D 79 00 00 03 7E 5A 00 00 03 7F 3E 00 00 03 80 
26 00 00 03 81 15 00 00 03 82 0D 00 00 03 83 12 
00 00 03 84 23 00 00 03 85 43 00 00 03 86 74 00 
00 03 87 B7 00 00 03 89 0A 00 00 03 8A 69 00 00 
03 8B CF 00 00 03 8D 38 00 00 03 8E A0 00 00 03 
90 05 00 00 03 91 6A 00 00 03 92 D1 00 00 03 94 
3C 00 00 03 95 AB 00 00 03 97 23 00 00 03 98 A2 
00 00 03 9A 2A 00 00 03 9B B7 00 00 03 9D 4A 00 
00 03 9E DF 00 00 03 A0 75 00 00 03 A2 08 00 00 
03 A3 92 00 00 03 A5 0E 00 00 03 A6 78 00 00 03 
A7 CD 00 00 03 A9 0C 00 00 03 AA 36 00 00 03 AB 
4E 00 00 03 AC 55 00 00 03 AD 4F 00 00 03 AE 3D 
00 00 03 AF 23 00 00 03 B0 04 00 00 03 B0 E0 00 
00 03 B1 BA 00 00 03 B2 95 00 00 03 B3 70 00 00 
03 B4 49 00 00 03 B5 1E 00 00 03 B5 EB 00 00 03 
B6 AD 00 00 03 B7 64 00 00 03 B8 13 00 00 03 B8 
BC 00 00 36 32 5D
--------------------------------------------------------------------------------
2025-11-18 14:44:21.252 [SYS] serialPort_DataReceived exit
--------------------------------------------------------------------------------
2025-11-18 14:44:21.269 [TX] 00000F311550GD02BC6401
HEX: 30 30 30 30 30 46 33 31 31 35 35 30 47 44 30 32 
42 43 36 34 30 31
--------------------------------------------------------------------------------
2025-11-18 14:44:21.309 [TX Bytes] [00000F311550GD02BC6401CE]
HEX: 5B 30 30 30 30 30 46 33 31 31 35 35 30 47 44 30 
32 42 43 36 34 30 31 43 45 5D
--------------------------------------------------------------------------------
2025-11-18 14:44:21.407 [RX] socket read partial
HEX: 5B 30 33 30 30 30 46 33 31 31 35 35 30 47 44 03 
B9 63 00 00 03 BA 0B 00 00 03 BA B4 00 00 03 BB 
61 00 00 03 BC 14 00 00 03 BC CC 00 00 03 BD 8C 
00 00 03 BE 56 00 00 03 BF 2A 00 00 03 C0 07 00 
00 03 C0 E8 00 00 03 C1 C8 00 00 03 C2 A1 00 00

--------------------------------------------------------------------------------
2025-11-18 14:44:21.452 [RX] socket read partial
HEX: 03 C3 71 00 00 03 C4 36 00 00 03 C4 EF 00 00 03 
C5 9F 00 00 03 C6 47 00 00 03 C6 EA 00 00 03 C7 
88 00 00 03 C8 26 00 00 03 C8 C3 00 00 03 C9 62 
00 00 03 CA 03 00 00 03 CA A9 00 00 03 CB 55 00 
00 03 CC 07 00 00 03 CC BD 00 00 03 CE 26 00 00 
03 CE D6 00 00 03 CF 82 00 00 03 D0 2C 00 00 03 
D0 D6 00 00 03 D1 83 00 00 03 D2 36 00 00 03 D2 
F3 00 00 03 D3 BB 00 00 03 D4 91 00 00 03 D5 77 
00 00 03 D6 6C 00 00 03 D7 72 00 00 03 D8 87 00 
00 03 D9 A9 00 00 03 DA D4 00 00 03 DC 06 00 00 
03 DD 3C 00 00 03 DE 73 00 00 03 DF AB 00 00 03 
E0 E4 00 00 03 E2 21 00 00 03 E3 63 00 00 03 E4 
AC 00 00 03 E5 FD 00 00 03 E7 56 00 00 03 E8 B7 
00 00 03 EA 20 00 00 03 EB 92 00 00 03 ED 0D 00 
00 03 EE 92 00 00 03 F0 1D 00 00 03 F1 AA 00 00 
03 F3 34 00 00 03 F4 B9 00 00 03 F6 36 00 00 03 
F7 A9 00 00 03 F9 12 00 00 03 FA 71 00 00 03 FB 
C6 00 00 03 FD 15 00 00 03 FE 5E 00 00 03 FF A3 
00 00 04 00 E4 00 00 04 02 23 00 00 04 03 61 00 
00 04 04 9D 00 00 04 05 D5 00 00 04 07 07 00 00 
04 08 2F 00 00 04 09 4B 00 00 04 0A 59 00 00 04 
0B 58 00 00 04 0C 48 00 00 04 0D 2C 00 00 04 0E 
06 00 00 04 0E D8 00 00 04 0F A5 00 00 04 10 6F 
00 00 04 11 38 00 00 04 11 FE 00 00 04 12 C2 00 
00 04 13 84 00 00 04 14 43 00 00 04 14 FF 00 00 
04 15 B1 00 00 04 16 56 00 00 04 16 E9 00 00 04 
17 68 00 00 04 17 D1 00 00 04 18 25 00 00 04 18 
65 00 00 33 33 5D
--------------------------------------------------------------------------------
2025-11-18 14:44:21.526 [SYS] serialPort_DataReceived exit
--------------------------------------------------------------------------------
2025-11-18 14:44:21.541 [TX] 00000F311550GD03206401
HEX: 30 30 30 30 30 46 33 31 31 35 35 30 47 44 30 33 
32 30 36 34 30 31
--------------------------------------------------------------------------------
2025-11-18 14:44:21.578 [TX Bytes] [00000F311550GD0320640159]
HEX: 5B 30 30 30 30 30 46 33 31 31 35 35 30 47 44 30 
33 32 30 36 34 30 31 35 39 5D
--------------------------------------------------------------------------------
2025-11-18 14:44:21.663 [RX] socket read partial
HEX: 5B 30 33 30 30 30 46 33 31 31 35 35 30 47 44 04 
18 94 00 00 04 18 B4 00 00 04 18 C8 00 00 04 18 
D4 00 00 04 18 DA 00 00 04 18 DA 00 00 04 18 D6 
00 00 04 18 D1 00 00 04 18 CB 00 00 04 18 C5 00 
00 04 18 BD 00 00 04 18 B0 00 00 04 18 9C 00 00

--------------------------------------------------------------------------------
2025-11-18 14:44:21.716 [RX] socket read partial
HEX: 04 18 7E 00 00 04 18 5A 00 00 04 18 32 00 00 04 
18 0A 00 00 04 17 E6 00 00 04 17 CA 00 00 04 17 
B9 00 00 04 17 B5 00 00 04 17 BF 00 00 04 17 D8 
00 00 04 18 00 00 00 04 18 37 00 00 04 18 7A 00 
00 04 18 C8 00 00 04 19 1B 00 00 04 19 73 00 00 
04 19 CD 00 00 04 1A 2A 00 00 04 1A 8A 00 00 04 
1A EF 00 00 04 1B 59 00 00 04 1B CB 00 00 04 1C 
46 00 00 04 1C CB 00 00 04 1D 5B 00 00 04 1D F7 
00 00 04 1E A1 00 00 04 1F 58 00 00 04 20 1E 00 
00 04 20 EF 00 00 04 21 C6 00 00 04 22 9E 00 00 
04 23 73 00 00 04 24 40 00 00 04 25 04 00 00 04 
25 BD 00 00 04 26 6B 00 00 04 27 11 00 00 04 27 
AF 00 00 04 28 48 00 00 04 28 DE 00 00 04 29 71 
00 00 04 2A 02 00 00 04 2A 92 00 00 04 2B 22 00 
00 04 2B B2 00 00 04 2C 42 00 00 04 2C CB 00 00 
04 2D 49 00 00 04 2D B5 00 00 04 2E 0A 00 00 04 
2E 46 00 00 04 2E 68 00 00 04 2E 71 00 00 04 2E 
61 00 00 04 2E 3A 00 00 04 2D FF 00 00 04 2D B3 
00 00 04 2D 58 00 00 04 2C F2 00 00 04 2C 82 00 
00 04 2C 0A 00 00 04 2B 8B 00 00 04 2B 03 00 00 
04 2A 6D 00 00 04 29 C7 00 00 04 29 0E 00 00 04 
28 3F 00 00 04 27 58 00 00 04 26 5C 00 00 04 25 
4A 00 00 04 24 26 00 00 04 22 F1 00 00 04 21 AD 
00 00 04 20 5C 00 00 04 1E FE 00 00 04 1D 93 00 
00 04 1C 1C 00 00 04 1A 9B 00 00 04 19 0F 00 00 
04 17 76 00 00 04 15 CD 00 00 04 14 12 00 00 04 
12 43 00 00 04 10 5E 00 00 04 0E 65 00 00 04 0C 
5A 00 00 44 35 5D
--------------------------------------------------------------------------------
2025-11-18 14:44:21.788 [SYS] serialPort_DataReceived exit
--------------------------------------------------------------------------------
2025-11-18 14:44:21.803 [TX] 00000F311550GD03846401
HEX: 30 30 30 30 30 46 33 31 31 35 35 30 47 44 30 33 
38 34 36 34 30 31
--------------------------------------------------------------------------------
2025-11-18 14:44:21.838 [TX Bytes] [00000F311550GD0384640113]
HEX: 5B 30 30 30 30 30 46 33 31 31 35 35 30 47 44 30 
33 38 34 36 34 30 31 31 33 5D
--------------------------------------------------------------------------------
2025-11-18 14:44:21.910 [RX] socket read partial
HEX: 5B 30 33 30 30 30 46 33 31 31 35 35 30 47 44 04 
0A 41 00 00 04 08 1E 00 00 04 05 F5 00 00 04 03 
C9 00 00 04 01 9F 00 00 03 FF 79 00 00 03 FD 5B 
00 00 03 FB 48 00 00 03 F9 3F 00 00 03 F7 42 00 
00 03 F5 4C 00 00 03 F3 59 00 00 03 F1 66 00 00

--------------------------------------------------------------------------------
2025-11-18 14:44:22.191 [SYS] timeout:garbage
--------------------------------------------------------------------------------
2025-11-18 14:44:22.201 [SYS] Abort garbage: offset=80 awaited=518
--------------------------------------------------------------------------------
2025-11-18 14:44:22.238 [SYS] timeout:parse
--------------------------------------------------------------------------------
2025-11-18 14:44:22.247 [SYS] TIMEOUT PARSING
--------------------------------------------------------------------------------
2025-11-18 14:44:22.256 [RX] INVALID_COMMAND bytes=80
HEX: 5B 30 33 30 30 30 46 33 31 31 35 35 30 47 44 04 
0A 41 00 00 04 08 1E 00 00 04 05 3F 00 00 04 03 
3F 00 00 04 01 3F 00 00 03 3F 79 00 00 03 3F 5B 
00 00 03 3F 48 00 00 03 3F 3F 00 00 03 3F 42 00 
00 03 3F 4C 00 00 03 3F 59 00 00 03 3F 66 00 00

--------------------------------------------------------------------------------
2025-11-18 14:44:22.267 [SYS] serialPort_DataReceived exit
--------------------------------------------------------------------------------
2025-11-18 14:44:22.311 [SYS] serialPort_DataReceived exit
--------------------------------------------------------------------------------
2025-11-18 14:44:22.359 [SYS] serialPort_DataReceived exit
--------------------------------------------------------------------------------
2025-11-18 14:44:22.369 [SYS] timeout:st:eWaitingChartBlock
--------------------------------------------------------------------------------
2025-11-18 14:44:22.395 [TX] 00000F311550GD03846401
HEX: 30 30 30 30 30 46 33 31 31 35 35 30 47 44 30 33 
38 34 36 34 30 31
--------------------------------------------------------------------------------
2025-11-18 14:44:22.439 [TX Bytes] [00000F311550GD0384640113]
HEX: 5B 30 30 30 30 30 46 33 31 31 35 35 30 47 44 30 
33 38 34 36 34 30 31 31 33 5D
--------------------------------------------------------------------------------
2025-11-18 14:44:22.516 [SYS] serialPort_DataReceived exit
--------------------------------------------------------------------------------
2025-11-18 14:44:22.560 [SYS] serialPort_DataReceived exit
--------------------------------------------------------------------------------
2025-11-18 14:44:22.608 [SYS] serialPort_DataReceived exit
--------------------------------------------------------------------------------
2025-11-18 14:44:22.653 [SYS] serialPort_DataReceived exit
--------------------------------------------------------------------------------
2025-11-18 14:44:22.719 [RX] socket read partial
HEX: 03 EF 6F 00 00 03 ED 75 00 00 03 EB 77 00 00 03 
E9 7B 00 00 03 E5 89 00 00 03 E3 96 00 00 03 E1 
A8 00 00 03 DF C0 00 00 03 DD DE 00 00 03 DC 00 
00 00 03 DA 25 00 00 03 D8 49 00 00 03 D6 6A 00 
00 03 D4 80 00 00 03 D2 86 00 00 03 D0 78 00 00 
03 CE 4F 00 00 03 CC 0B 00 00 03 C9 AB 00 00 03 
C7 31 00 00 03 C4 9B 00 00 03 C1 EB 00 00 03 BF 
24 00 00 03 BC 46 00 00 03 B9 55 00 00 03 B6 52 
00 00 03 B3 40 00 00 03 B0 1F 00 00 03 AC EE 00 
00 03 A9 AB 00 00 03 A6 52 00 00 03 A2 E0 00 00 
03 9F 51 00 00 03 9B A3 00 00 03 97 D7 00 00 03 
93 EF 00 00 03 8F EC 00 00 03 8B D1 00 00 03 87 
9F 00 00 03 83 57 00 00 03 7E F9 00 00 03 7A 86 
00 00 03 75 FE 00 00 03 71 5F 00 00 03 6C A9 00 
00 03 67 DA 00 00 03 62 EC 00 00 03 5D DC 00 00 
03 58 A6 00 00 03 53 44 00 00 03 4D B4 00 00 03 
47 F5 00 00 03 42 08 00 00 03 3B EF 00 00 03 35 
AB 00 00 03 2F 40 00 00 03 28 AE 00 00 03 21 F7 
00 00 03 1B 1B 00 00 03 14 1A 00 00 03 0C F8 00 
00 03 05 B7 00 00 02 FE 59 00 00 02 F6 DE 00 00 
02 EF 45 00 00 02 E7 8C 00 00 02 DF B4 00 00 02 
D7 BC 00 00 02 CF A8 00 00 02 C7 7D 00 00 02 BF 
3E 00 00 02 B6 F0 00 00 02 AE 97 00 00 02 A6 37 
00 00 02 9D D3 00 00 02 95 6E 00 00 02 8D 09 00 
00 02 84 A7 00 00 02 7C 46 00 00 02 73 E5 00 00 
02 6B 7D 00 00 02 63 0B 00 00 02 5A 8A 00 00 02 
51 F8 00 00 02 49 54 00 00 02 40 9D 00 00 02 37 
D6 00 00 43 31 5D
--------------------------------------------------------------------------------
2025-11-18 14:44:22.729 [SYS] only trash in buffer - giving up
--------------------------------------------------------------------------------
2025-11-18 14:44:22.738 [RX] INVALID_COMMAND bytes=438
HEX: 03 3F 6F 00 00 03 3F 75 00 00 03 3F 77 00 00 03 
3F 7B 00 00 03 3F 3F 00 00 03 3F 3F 00 00 03 3F 
3F 00 00 03 3F 3F 00 00 03 3F 3F 00 00 03 3F 00 
00 00 03 3F 25 00 00 03 3F 49 00 00 03 3F 6A 00 
00 03 3F 3F 00 00 03 3F 3F 00 00 03 3F 78 00 00 
03 3F 4F 00 00 03 3F 0B 00 00 03 3F 3F 00 00 03 
3F 31 00 00 03 3F 3F 00 00 03 3F 3F 00 00 03 3F 
24 00 00 03 3F 46 00 00 03 3F 55 00 00 03 3F 52 
00 00 03 3F 40 00 00 03 3F 1F 00 00 03 3F 3F 00 
00 03 3F 3F 00 00 03 3F 52 00 00 03 3F 3F 00 00 
03 3F 51 00 00 03 3F 3F 00 00 03 3F 3F 00 00 03 
3F 3F 00 00 03 3F 3F 00 00 03 3F 3F 00 00 03 3F 
3F 00 00 03 3F 57 00 00 03 7E 3F 00 00 03 7A 3F 
00 00 03 75 3F 00 00 03 71 5F 00 00 03 6C 3F 00 
00 03 67 3F 00 00 03 62 3F 00 00 03 5D 3F 00 00 
03 58 3F 00 00 03 53 44 00 00 03 4D 3F 00 00 03 
47 3F 00 00 03 42 08 00 00 03 3B 3F 00 00 03 35 
3F 00 00 03 2F 40 00 00 03 28 3F 00 00 03 21 3F 
00 00 03 1B 1B 00 00 03 14 1A 00 00 03 0C 3F 00 
00 03 05 3F 00 00 02 3F 59 00 00 02 3F 3F 00 00 
02 3F 45 00 00 02 3F 3F 00 00 02 3F 3F 00 00 02 
3F 3F 00 00 02 3F 3F 00 00 02 3F 7D 00 00 02 3F 
3E 00 00 02 3F 3F 00 00 02 3F 3F 00 00 02 3F 37 
00 00 02 3F 3F 00 00 02 3F 6E 00 00 02 3F 09 00 
00 02 3F 3F 00 00 02 7C 46 00 00 02 73 3F 00 00 
02 6B 7D 00 00 02 63 0B 00 00 02 5A 3F 00 00 02 
51 3F 00 00 02 49 54 00 00 02 40 3F 00 00 02 37 
3F 00 00 43 31 5D
--------------------------------------------------------------------------------
2025-11-18 14:44:22.752 [SYS] serialPort_DataReceived exit
--------------------------------------------------------------------------------
2025-11-18 14:44:22.821 [RX] socket read partial
HEX: 5B 30 33 30 30 30 46 33 31 31 35 35 30 47 44 04 
0A 41 00 00 04 08 1E 00 00 04 05 F5 00 00 04 03 
C9 00 00 04 01 9F 00 00 03 FF 79 00 00 03 FD 5B 
00 00 03 FB 48 00 00 03 F9 3F 00 00 03 F7 42 00 
00 03 F5 4C 00 00 03 F3 59 00 00 03 F1 66 00 00 
03 EF 6F 00 00 03 ED 75 00 00 03 EB 77 00 00 03 
E9 7B 00 00 03 E5 89 00 00 03 E3 96 00 00 03 E1 
A8 00 00 03 DF C0 00 00 03 DD DE 00 00 03 DC 00 
00 00 03 DA 25 00 00 03 D8 49 00 00 03 D6 6A 00 
00 03 D4 80 00 00 03 D2 86 00 00 03 D0 78 00 00 
03 CE 4F 00 00 03 CC 0B 00 00 03 C9 AB 00 00 03 
C7 31 00 00 03 C4 9B 00 00 03 C1 EB 00 00 03 BF 
24 00 00 03 BC 46 00 00 03 B9 55 00 00 03 B6 52 
00 00 03 B3 40 00 00 03 B0 1F 00 00 03 AC EE 00 
00 03 A9 AB 00 00 03 A6 52 00 00 03 A2 E0 00 00 
03 9F 51 00 00 03 9B A3 00 00 03 97 D7 00 00 03 
93 EF 00 00 03 8F EC 00 00 03 8B D1 00 00 03 87 
9F 00 00 03 83 57 00 00 03 7E F9 00 00 03 7A 86 
00 00 03 75 FE 00 00 03 71 5F 00 00 03 6C A9 00 
00 03 67 DA 00 00 03 62 EC 00 00 03 5D DC 00 00 
03 58 A6 00 00 03 53 44 00 00 03 4D B4 00 00 03 
47 F5 00 00 03 42 08 00 00 03 3B EF 00 00 03 35 
AB 00 00 03 2F 40 00 00 03 28 AE 00 00 03 21 F7 
00 00 03 1B 1B 00 00 03 14 1A 00 00 03 0C F8 00 
00 03 05 B7 00 00 02 FE 59 00 00 02 F6 DE 00 00 
02 EF 45 00 00 02 E7 8C 00 00 02 DF B4 00 00 02 
D7 BC 00 00 02 CF A8 00 00 02 C7 7D 00 00 02 BF 
3E 00 00 02 B6 F0 00 00 02 AE 97 00 00 02 A6 37 
00 00 02 9D D3 00 00 02 95 6E 00 00 02 8D 09 00 
00 02 84 A7 00 00 02 7C 46 00 00 02 73 E5 00 00 
02 6B 7D 00 00 02 63 0B 00 00 02 5A 8A 00 00 02 
51 F8 00 00 02 49 54 00 00 02 40 9D 00 00 02 37 
D6 00 00 43 31 5D
--------------------------------------------------------------------------------
2025-11-18 14:44:22.902 [SYS] serialPort_DataReceived exit
--------------------------------------------------------------------------------
2025-11-18 14:44:22.918 [TX] 00000F311550GD03E86401
HEX: 30 30 30 30 30 46 33 31 31 35 35 30 47 44 30 33 
45 38 36 34 30 31
--------------------------------------------------------------------------------
2025-11-18 14:44:22.952 [TX Bytes] [00000F311550GD03E864013D]
HEX: 5B 30 30 30 30 30 46 33 31 31 35 35 30 47 44 30 
33 45 38 36 34 30 31 33 44 5D
--------------------------------------------------------------------------------
2025-11-18 14:44:23.026 [RX] socket read partial
HEX: 5B 30 33 30 30 30 46 33 31 31 35 35 30 47 44 02 
2F 03 00 00 02 26 26 00 00 02 1D 42 00 00 02 14 
5C 00 00 02 0B 77 00 00 02 02 98 00 00 01 F9 C2 
00 00 01 F0 FA 00 00 01 E8 42 00 00 01 DF 9C 00 
00 01 D7 05 00 00 01 CE 7C 00 00 01 C5 FC 00 00

--------------------------------------------------------------------------------
2025-11-18 14:44:23.063 [RX] socket read partial
HEX: 01 BD 85 00 00 01 B5 14 00 00 01 AC AD 00 00 01 
A4 4F 00 00 01 9B FD 00 00 01 93 B6 00 00 01 8B 
7B 00 00 01 83 4D 00 00 01 7B 2D 00 00 01 73 19 
00 00 01 6B 13 00 00 01 63 1A 00 00 01 5B 2B 00 
00 01 53 41 00 00 01 4B 58 00 00 01 43 6A 00 00 
01 3B 75 00 00 01 33 78 00 00 01 2B 73 00 00 01 
23 6A 00 00 01 1B 63 00 00 01 13 62 00 00 01 0B 
6D 00 00 01 03 88 00 00 00 FB B4 00 00 00 F3 F6 
00 00 00 EC 4E 00 00 00 E4 BF 00 00 00 DD 4E 00 
00 00 D5 FC 00 00 00 CE C6 00 00 00 C7 A8 00 00 
00 C0 9E 00 00 00 B9 A6 00 00 00 B2 BE 00 00 00 
AB E9 00 00 00 A5 2C 00 00 00 9E 8E 00 00 00 98 
14 00 00 00 91 C4 00 00 00 8B A5 00 00 00 85 B8 
00 00 00 80 00 00 00 00 7A 7F 00 00 00 75 36 00 
00 00 70 26 00 00 00 6B 4E 00 00 00 66 A6 00 00 
00 62 2A 00 00 00 5D D1 00 00 00 59 98 00 00 00 
55 7C 00 00 00 51 7D 00 00 00 4D 9A 00 00 00 49 
D8 00 00 00 46 39 00 00 00 42 BE 00 00 00 3F 6B 
00 00 00 3C 43 00 00 00 39 48 00 00 00 36 7B 00 
00 00 33 DF 00 00 00 31 73 00 00 00 2F 34 00 00 
00 2D 1D 00 00 00 2B 28 00 00 00 29 4F 00 00 00 
27 8F 00 00 00 25 E3 00 00 00 24 4A 00 00 00 22 
C0 00 00 00 21 43 00 00 00 1F D3 00 00 00 1E 6F 
00 00 00 1D 17 00 00 00 1B C9 00 00 00 1A 84 00 
00 00 18 1A 00 00 00 16 F5 00 00 00 15 D9 00 00 
00 14 C4 00 00 00 13 B2 00 00 00 12 A0 00 00 00 
12 A0 00 00 00 11 8C 00 00 00 10 76 00 00 00 0F 
5E 00 00 33 41 5D
--------------------------------------------------------------------------------
2025-11-18 14:44:23.136 [SYS] serialPort_DataReceived exit
--------------------------------------------------------------------------------
2025-11-18 14:44:23.153 [TX] 00000F311550GD044C0E01
HEX: 30 30 30 30 30 46 33 31 31 35 35 30 47 44 30 34 
34 43 30 45 30 31
--------------------------------------------------------------------------------
2025-11-18 14:44:23.188 [TX Bytes] [00000F311550GD044C0E019C]
HEX: 5B 30 30 30 30 30 46 33 31 31 35 35 30 47 44 30 
34 34 43 30 45 30 31 39 43 5D
--------------------------------------------------------------------------------
2025-11-18 14:44:23.265 [RX] socket read partial
HEX: 5B 30 33 30 30 30 46 33 31 31 35 35 30 47 44 00 
0E 46 00 00 00 0D 31 00 00 00 0C 26 00 00 00 0B 
28 00 00 00 0A 3B 00 00 00 09 60 00 00 00 08 95 
00 00 00 07 2F 00 00 00 06 92 00 00 00 05 FF 00 
00 00 05 6E 00 00 00 04 DA 00 00 00 04 3D 00 00

--------------------------------------------------------------------------------
2025-11-18 14:44:23.314 [RX] socket read partial
HEX: 00 03 96 00 00 44 35 5D
--------------------------------------------------------------------------------
2025-11-18 14:44:23.429 [SYS] SetZeroTorque called
--------------------------------------------------------------------------------
2025-11-18 14:44:23.442 [SYS] StartReadData called
--------------------------------------------------------------------------------
2025-11-18 14:44:23.491 [SYS] SetZeroAngle called
--------------------------------------------------------------------------------
2025-11-18 14:44:23.524 [SYS] SetTestParameter_ClickWrench: Fall=30 Rise=30 MinTime_ms=20
--------------------------------------------------------------------------------
2025-11-18 14:44:23.541 [SYS] SetTestParameter: Threshold=2 ThresholdEnd=0.5 TimeStep_ms=1 FilterFreq=500 direction=CW TorqueTarget=4 TorqueMin=2 TorqueMax=6 AngleTarget=100 AngleMin=10 AngleMax=300 DelayToDetectFirstPeak_ms=50 TimeToIgnoreNewPeak_AfterFinalThreshold_ms=50
--------------------------------------------------------------------------------
2025-11-18 14:44:23.663 [SYS] StartReadData called
--------------------------------------------------------------------------------
2025-11-18 14:44:23.678 [SYS] serialPort_DataReceived exit
--------------------------------------------------------------------------------
2025-11-18 14:44:23.714 [TX] 00000F311550ZO10
HEX: 30 30 30 30 30 46 33 31 31 35 35 30 5A 4F 31 30

--------------------------------------------------------------------------------
2025-11-18 14:44:23.768 [TX Bytes] [00000F311550ZO10C1]
HEX: 5B 30 30 30 30 30 46 33 31 31 35 35 30 5A 4F 31 
30 43 31 5D
--------------------------------------------------------------------------------
2025-11-18 14:44:23.938 [SYS] serialPort_DataReceived exit
--------------------------------------------------------------------------------
2025-11-18 14:44:24.108 [RX] socket read partial
HEX: 5B 30 30 30 30 30 46 33 31 31 35 35 30 5A 4F 30 
30 30 30 42 31 39 37 30 30 30 30 30 30 30 30 43 
30 5D
--------------------------------------------------------------------------------
2025-11-18 14:44:24.179 [RX] [00000F311550ZO0000B19700000000C0]
HEX: 5B 30 30 30 30 30 46 33 31 31 35 35 30 5A 4F 30 
30 30 30 42 31 39 37 30 30 30 30 30 30 30 30 43 
30 5D
--------------------------------------------------------------------------------
2025-11-18 14:44:24.200 [SYS] serialPort_DataReceived exit
--------------------------------------------------------------------------------
2025-11-18 14:44:24.228 [TX] 00000F311550ZO01
HEX: 30 30 30 30 30 46 33 31 31 35 35 30 5A 4F 30 31

--------------------------------------------------------------------------------
2025-11-18 14:44:24.275 [TX Bytes] [00000F311550ZO0161]
HEX: 5B 30 30 30 30 30 46 33 31 31 35 35 30 5A 4F 30 
31 36 31 5D
--------------------------------------------------------------------------------
2025-11-18 14:44:24.453 [RX] socket read partial
HEX: 5B 30 30 30 30 30 46 33 31 31 35 35 30 5A 4F 30 
30 30 30 42 31 39 37 30 30 30 30 30 30 30 30 43 
30 5D
--------------------------------------------------------------------------------
2025-11-18 14:44:24.529 [RX] [00000F311550ZO0000B19700000000C0]
HEX: 5B 30 30 30 30 30 46 33 31 31 35 35 30 5A 4F 30 
30 30 30 42 31 39 37 30 30 30 30 30 30 30 30 43 
30 5D
--------------------------------------------------------------------------------
2025-11-18 14:44:24.553 [SYS] serialPort_DataReceived exit
--------------------------------------------------------------------------------
2025-11-18 14:44:24.585 [TX] 00000F311550SA000161FB0000587E0190000101F40001
HEX: 30 30 30 30 30 46 33 31 31 35 35 30 53 41 30 30 
30 31 36 31 46 42 30 30 30 30 35 38 37 45 30 31 
39 30 30 30 30 31 30 31 46 34 30 30 30 31
--------------------------------------------------------------------------------
2025-11-18 14:44:24.633 [TX Bytes] [00000F311550SA000161FB0000587E0190000101F40001E5]
HEX: 5B 30 30 30 30 30 46 33 31 31 35 35 30 53 41 30 
30 30 31 36 31 46 42 30 30 30 30 35 38 37 45 30 
31 39 30 30 30 30 31 30 31 46 34 30 30 30 31 45 
35 5D
--------------------------------------------------------------------------------
2025-11-18 14:44:24.811 [RX] socket read partial
HEX: 5B 30 30 30 30 30 46 33 31 31 35 35 30 53 41 30 
30 39 45 5D
--------------------------------------------------------------------------------
2025-11-18 14:44:24.887 [RX] [00000F311550SA009E]
HEX: 5B 30 30 30 30 30 46 33 31 31 35 35 30 53 41 30 
30 39 45 5D
--------------------------------------------------------------------------------
2025-11-18 14:44:24.912 [SYS] serialPort_DataReceived exit
--------------------------------------------------------------------------------
2025-11-18 14:44:24.944 [TX] 00000F311550CS1E1E14
HEX: 30 30 30 30 30 46 33 31 31 35 35 30 43 53 31 45 
31 45 31 34
--------------------------------------------------------------------------------
2025-11-18 14:44:24.989 [TX Bytes] [00000F311550CS1E1E1490]
HEX: 5B 30 30 30 30 30 46 33 31 31 35 35 30 43 53 31 
45 31 45 31 34 39 30 5D
--------------------------------------------------------------------------------
2025-11-18 14:44:25.166 [RX] socket read partial
HEX: 5B 30 30 30 30 30 46 33 31 31 35 35 30 43 53 30 
30 46 39 5D
--------------------------------------------------------------------------------
2025-11-18 14:44:25.236 [RX] [00000F311550CS00F9]
HEX: 5B 30 30 30 30 30 46 33 31 31 35 35 30 43 53 30 
30 46 39 5D
--------------------------------------------------------------------------------
2025-11-18 14:44:25.262 [SYS] serialPort_DataReceived exit
--------------------------------------------------------------------------------
2025-11-18 14:44:25.273 [SYS] timeout:st:eWaitingAquisitionClickWrenchConfig
--------------------------------------------------------------------------------
2025-11-18 14:44:25.300 [TX] 00000F311550CS1E1E14
HEX: 30 30 30 30 30 46 33 31 31 35 35 30 43 53 31 45 
31 45 31 34
--------------------------------------------------------------------------------
2025-11-18 14:44:25.343 [TX Bytes] [00000F311550CS1E1E1490]
HEX: 5B 30 30 30 30 30 46 33 31 31 35 35 30 43 53 31 
45 31 45 31 34 39 30 5D
--------------------------------------------------------------------------------
2025-11-18 14:44:25.426 [RX] socket read partial
HEX: 5B 30 30 30 30 30 46 33 31 31 35 35 30 43 53 30 
30 46 39 5D
--------------------------------------------------------------------------------
2025-11-18 14:44:25.485 [RX] [00000F311550CS00F9]
HEX: 5B 30 30 30 30 30 46 33 31 31 35 35 30 43 53 30 
30 46 39 5D
--------------------------------------------------------------------------------
2025-11-18 14:44:25.502 [SYS] serialPort_DataReceived exit
--------------------------------------------------------------------------------
2025-11-18 14:44:25.528 [TX] 00000F311550SC00320032000000000000000000000000000000000000000000000000
HEX: 30 30 30 30 30 46 33 31 31 35 35 30 53 43 30 30 
33 32 30 30 33 32 30 30 30 30 30 30 30 30 30 30 
30 30 30 30 30 30 30 30 30 30 30 30 30 30 30 30 
30 30 30 30 30 30 30 30 30 30 30 30 30 30 30 30 
30 30 30 30 30 30
--------------------------------------------------------------------------------
2025-11-18 14:44:25.641 [SYS] StopReadData called
--------------------------------------------------------------------------------
2025-11-18 14:44:25.666 [TX Bytes] [00000F311550SC003200320000000000000000000000000000000000000000000000000F]
HEX: 5B 30 30 30 30 30 46 33 31 31 35 35 30 53 43 30 
30 33 32 30 30 33 32 30 30 30 30 30 30 30 30 30 
30 30 30 30 30 30 30 30 30 30 30 30 30 30 30 30 
30 30 30 30 30 30 30 30 30 30 30 30 30 30 30 30 
30 30 30 30 30 30 30 30 46 5D
--------------------------------------------------------------------------------
2025-11-18 14:44:25.854 [RX] socket read partial
HEX: 5B 30 30 30 30 30 46 33 31 31 35 35 30 53 43 30 
30 35 43 5D
--------------------------------------------------------------------------------
2025-11-18 14:44:25.922 [RX] [00000F311550SC005C]
HEX: 5B 30 30 30 30 30 46 33 31 31 35 35 30 53 43 30 
30 35 43 5D
--------------------------------------------------------------------------------
2025-11-18 14:44:25.943 [SYS] serialPort_DataReceived exit
--------------------------------------------------------------------------------
2025-11-18 14:44:25.976 [TX] 00000F311550RC
HEX: 30 30 30 30 30 46 33 31 31 35 35 30 52 43
--------------------------------------------------------------------------------
2025-11-18 14:44:26.029 [TX Bytes] [00000F311550RCA7]
HEX: 5B 30 30 30 30 30 46 33 31 31 35 35 30 52 43 41 
37 5D
--------------------------------------------------------------------------------
2025-11-18 14:44:26.211 [RX] socket read partial
HEX: 5B 30 30 30 30 30 46 33 31 31 35 35 30 52 43 30 
30 30 30 30 43 35 39 30 30 30 30 30 30 30 30 30 
30 30 30 30 30 30 30 30 30 30 30 30 30 30 30 30 
30 30 30 30 30 30 30 37 32 5D
--------------------------------------------------------------------------------
2025-11-18 14:44:26.279 [RX] [00000F311550RC00000C590000000000000000000000000000000072]
HEX: 5B 30 30 30 30 30 46 33 31 31 35 35 30 52 43 30 
30 30 30 30 43 35 39 30 30 30 30 30 30 30 30 30 
30 30 30 30 30 30 30 30 30 30 30 30 30 30 30 30 
30 30 30 30 30 30 30 37 32 5D
--------------------------------------------------------------------------------
2025-11-18 14:44:26.300 [SYS] serialPort_DataReceived exit
--------------------------------------------------------------------------------
2025-11-18 14:44:26.329 [TX] 00000F311550DS
HEX: 30 30 30 30 30 46 33 31 31 35 35 30 44 53
--------------------------------------------------------------------------------
2025-11-18 14:44:26.372 [TX Bytes] [00000F311550DS91]
HEX: 5B 30 30 30 30 30 46 33 31 31 35 35 30 44 53 39 
31 5D
--------------------------------------------------------------------------------
2025-11-18 14:44:26.445 [SYS] StopReadData called
--------------------------------------------------------------------------------
2025-11-18 14:44:26.462 [SYS] -- USER START SERVICE: False
--------------------------------------------------------------------------------
2025-11-18 14:44:26.477 [SYS] StopService called
--------------------------------------------------------------------------------
2025-11-18 14:44:26.496 [SYS] Internal_StopService called
--------------------------------------------------------------------------------
2025-11-18 14:44:26.568 [RX] socket read partial
HEX: 5B 30 30 30 30 30 46 33 31 31 35 35 30 44 53 42 
38 30 30 36 35 34 35 30 31 30 30 30 32 30 31 30 
31 31 30 36 38 30 33 45 38 30 30 30 33 30 30 30 
30 30 30 42 37 30 30 30 30 42 31 39 37 36 43 5D

--------------------------------------------------------------------------------
2025-11-18 14:44:26.635 [RX] [00000F311550DSB80065450100020101106803E80003000000B70000B1976C]
HEX: 5B 30 30 30 30 30 46 33 31 31 35 35 30 44 53 42 
38 30 30 36 35 34 35 30 31 30 30 30 32 30 31 30 
31 31 30 36 38 30 33 45 38 30 30 30 33 30 30 30 
30 30 30 42 37 30 30 30 30 42 31 39 37 36 43 5D

--------------------------------------------------------------------------------
2025-11-18 14:44:26.657 [SYS] serialPort_DataReceived exit
--------------------------------------------------------------------------------
2025-11-18 14:44:26.727 [SYS] clear needs
--------------------------------------------------------------------------------
2025-11-18 14:44:26.742 [SYS] StopReadData called
--------------------------------------------------------------------------------
2025-11-18 14:44:26.763 [SYS] -- PORT OPEN: False
--------------------------------------------------------------------------------
2025-11-18 14:44:26.780 [SYS] UI BUTTON: btnDisconnect clicked by user
--------------------------------------------------------------------------------
